-97.2	33.2	0	196	0.4
-97.2	33.2	0	194	0.4
-97.94	32.82	0	47.186	0.25
-97.24	32.67	0	39.32	0.4
-98.03	33.61	0	33.111	0.4
-98.16	33.63	0	41.183	0.4
-98.16	32.88	0	26.841	0.25
-97.77	33.53	0	56.592	0.25
-98.5	33.65	0	33.431	0.25
-97.54	33.23	0	49.677	0.25
-97.1	32.46	0	27.015	0.25
-97.25	33.31	0	39.592	0.25
-97.7	33.44	0	14.453	0.25
-98.37	33.58	0	25.674	0.25
-97.9	33.6	0	21.591	0.25
-97.54	33.5	0	26.325	0.125
-98.12	32.37	0	18.005	0.125
-97.94	32.45	0	17.572	0.125
-97.53	33.67	0	27.409	0.125
-97.55	33.24	0	40.228	0.4
-97.35	33.24	0	43.348	0.4
-97.38	33.39	0	48.654	0.4
-97.31	33.27	0	42.464	0.4
-97.61	33.17	0	46.383	0.4
-96.6	30.6	0	57.25	0.4
-97.28	33.21	0	38.421	0.25
-97.38	33.39	0	40.354	0.25
-96.4	30.6	0	57.95	0.25
-96.6	30.5	0	53.586	0.25
-97.46	33.45	0	44.895	0.125
-97.35	33.25	0	21.391	0.125
-97.94	32.82	0	42.33	0.125
-97.95	32.82	0	44.57	0.125
-97.81	32.38	0	48.667	0.125
-97.58	32.32	0	54.875	0.125
-103.22	33.46	0	109.58	0.125
-101.97	30.43	0	153.59	0.4
-102.69	32.13	0	77.208	0.4
-100.35	28.83	0	38.531	0.4
-102.2	30.52	0	141.19	0.25
-102.22	30.53	0	158.49	0.25
-94.33	32.04	0	79.853	0.25
-102.67	32.07	0	63.892	0.25
-94.14	32.31	0	63.82	0.25
-100.16	28.69	0	45.401	0.25
-102.1	30.49	0	153.79	0.25
-102.13	30.51	0	175.3	0.25
-102.14	30.51	0	153.6	0.125
-102.13	30.51	0	168.89	0.125
-102.26	30.54	0	133.06	0.125
-102.25	30.54	0	132.77	0.125
-101.06	31.1	0	75.031	0.4
-101.64	31.23	0	81.148	0.4
-101.63	31.26	0	70.891	0.4
-102.38	31.69	0	93.198	0.4
-104.15	31.86	0	86.566	0.4
-101.15	32.45	0	75.435	0.4
-97.24	33.3	0	55.892	0.4
-97.28	33.32	0	32.542	0.4
-100.07	35.52	0	97.65	0.4
-97.63	33.05	0	9.7636	0.4
-97.31	33.15	0	11.166	0.4
-97.57	33.33	0	29.239	0.4
-103.41	30.9	0	137.27	0.4
-101.11	31.23	0	80	0.4
-103.22	31.26	0	130.38	0.4
-103.19	31.26	0	133.68	0.4
-101.62	31.33	0	86.145	0.4
-103.65	31.74	0	82.087	0.4
-103.62	31.75	0	96.013	0.4
-102.95	31.78	0	76.766	0.4
-101.5	31.86	0	70.882	0.4
-102.39	31.98	0	85.392	0.4
-101.34	32.48	0	64.484	0.4
-102.15	30.51	0	151.75	0.4
-102.12	30.51	0	164.33	0.4
-102.15	30.52	0	154.66	0.4
-104.02	31.47	0	120.77	0.4
-104.2	31.55	0	88.385	0.4
-104.05	31.61	0	92.699	0.4
-104.19	31.69	0	104.2	0.4
-102.59	31.91	0	74.313	0.4
-102.57	31.93	0	79.815	0.4
-104.04	31.96	0	65.27	0.4
-102.58	31.96	0	66.272	0.4
-103.99	31.97	0	65.89	0.4
-103.99	31.98	0	54.473	0.4
-102.67	32.06	0	76.139	0.4
-102.67	32.07	0	54.377	0.4
-102.71	32.12	0	77.133	0.4
-102.68	32.12	0	74.303	0.4
-102.73	32.14	0	71.606	0.4
-97.32	33.31	0	23.102	0.4
-100.79	36.18	0	92.036	0.4
-100.68	36.47	0	94.668	0.4
-100.67	36.47	0	93.651	0.4
-101.62	30.75	0	65.852	0.4
-101.77	31.02	0	104.46	0.4
-96.43	30.59	0	65	0.25
-101.25	31.15	0	70	0.25
-102.08	31.18	0	106	0.25
-101.9	31.18	0	102	0.25
-101.18	31.18	0	77	0.25
-101.89	31.22	0	71.955	0.25
-101.12	31.23	0	85	0.25
-101.09	31.23	0	78.384	0.25
-101.06	31.25	0	82	0.25
-101.13	31.26	0	68	0.25
-101.08	31.26	0	85	0.25
-101.05	31.28	0	75	0.25
-101.13	31.3	0	90	0.25
-102.48	31.4	0	110	0.25
-102.37	31.46	0	102.16	0.25
-103.62	31.73	0	85	0.25
-102.16	31.75	0	88	0.25
-102.86	32.39	0	75	0.25
-101.65	32.56	0	85	0.25
-102.04	35.46	0	115	0.25
-101.93	30.36	0	154.75	0.25
-102.11	30.49	0	146.57	0.25
-102.11	30.51	0	153.14	0.25
-102.17	30.52	0	150.9	0.25
-96.43	30.91	0	60.239	0.25
-96.5	31	0	65.948	0.25
-96.44	31	0	75.078	0.25
-96.43	31	0	74.589	0.25
-101.64	31.07	0	102.83	0.25
-104.12	31.66	0	108.51	0.25
-104.08	31.86	0	65.18	0.25
-102.58	32.02	0	80.793	0.25
-102.68	32.07	0	71.433	0.25
-101.44	32.08	0	60.818	0.25
-102.72	32.13	0	82.62	0.25
-103.05	32.22	0	79.796	0.25
-97.33	33.29	0	32.454	0.25
-97.38	33.3	0	37.809	0.25
-100.79	36.17	0	93.06	0.25
-100.78	36.18	0	92.739	0.25
-101.81	36.39	0	111.43	0.25
-101.63	30.95	0	86.903	0.25
-101.71	31	0	118.77	0.25
-101.81	31.02	0	100.75	0.25
-101.44	31.02	0	77.283	0.25
-101.04	31.19	0	79.92	0.25
-102.33	31.63	0	85.924	0.25
-101.01	31.73	0	58.708	0.25
-101.08	31.83	0	68.181	0.25
-100.76	31.83	0	51.137	0.25
-101.08	31.9	0	61.725	0.25
-100.72	31.93	0	69.436	0.25
-103.47	31.97	0	82.547	0.25
-100.42	32.69	0	45.63	0.25
-97.26	33.18	0	14.091	0.25
-102.08	31.19	0	100	0.25
-101.96	31.2	0	105	0.25
-103.07	31.87	0	75	0.25
-103.27	33.45	0	118	0.125
-101.03	31.26	0	83	0.125
-102.45	31.42	0	105	0.125
-101.51	31.89	0	80.341	0.125
-100.78	30.25	0	39.767	0.125
-100.78	30.27	0	31.609	0.125
-101.6	31.1	0	78.194	0.125
-101.86	31.12	0	117.9	0.125
-104.05	31.6	0	115.46	0.125
-104	31.6	0	106.48	0.125
-104.03	31.9	0	79.506	0.125
-104.02	31.9	0	78.93	0.125
-104.03	31.91	0	75.763	0.125
-102.73	32.12	0	56.259	0.125
-102.69	32.14	0	76.217	0.125
-102.12	36.22	0	95.435	0.125
-101.78	36.37	0	102.1	0.125
-101.78	36.38	0	106.86	0.125
-101.58	36.4	0	115.58	0.125
-101.72	36.42	0	100.69	0.125
-101.72	36.44	0	97.811	0.125
-101.71	36.44	0	95.286	0.125
-101.74	36.46	0	95.562	0.125
-101.75	36.47	0	106.01	0.125
-101.8	36.48	0	100.55	0.125
-101.16	36.49	0	102.15	0.125
-97.42	29.17	0	44	0.125
-101.3	31.1	0	55.022	0.125
-103.18	31.5	0	124.16	0.125
-101.91	37.2	0	114.37	0.125
-97.35	33.23	0	44.318	0.125
-97.34	33.25	0	23.973	0.125
-97.34	33.27	0	20.644	0.125
-97.34	33.27	0	16.987	0.125
-93.78	32.25	0	82.733	0.4
-98.18	28.79	0	64.538	0.25
-104.15	31.53	0	128.8	0.4
-104.25	31.88	0	77.7	0.4
-97.25	33.31	0	47	0.4
-103.5	31.47	0	119.4	0.25
-104.18	31.67	0	87	0.25
-104.3	31.88	0	69.7	0.25
-97.65	32.24	0	32	0.25
-97.29	32.55	0	37	0.25
-97.56	33.38	0	29	0.25
-104.2	31.55	0	85.6	0.125
-98	32.09	0	1.1	0.125
-97.34	32.13	0	32.8	0.125
-97.54	32.22	0	35	0.125
-97.77	32.52	0	7.9	0.125
-97.28	32.56	0	39	0.125
-97.73	32.66	0	59	0.125
-97.6	32.84	0	28	0.125
-97.23	33.04	0	29	0.125
-97.7	33.26	0	48	0.125
-102.2	32.4	0	78	0.4
-101.8	31.5	0	86	0.25
-103.6	32	0	74	0.25
-103.6	32	0	76	0.25
-103.21	33.46	0	134.3	0.125
-101.86	32.51	0	75.259	0.4
-101.96	31.72	0	88.827	0.4
-101.96	32.13	0	80.389	0.4
-102.13	32.29	0	72.298	0.4
-102.13	32.3	0	78.829	0.4
-102.01	31.5	0	92.474	0.4
-101.64	32	0	80.452	0.4
-101.83	32.44	0	56.379	0.4
-101.87	32.46	0	68.759	0.4
-101.98	32.51	0	81.306	0.4
-102.48	32.54	0	86.495	0.4
-102.51	32.65	0	91.255	0.4
-101.9	32.48	0	73.562	0.4
-101.8	31.51	0	92.259	0.4
-102.14	32.22	0	83.305	0.4
-101.9	31.21	0	109.1	0.4
-101.87	32.44	0	68.66	0.4
-102.42	32.56	0	82.686	0.4
-101.47	31.25	0	77.373	0.4
-101.95	31.8	0	84.13	0.4
-101.54	31.28	0	88.209	0.4
-101.7	32.2	0	82.545	0.4
-101.91	32.51	0	72.426	0.4
-101.93	32.24	0	77.253	0.4
-101.9	31.22	0	94.512	0.4
-102.08	32.28	0	73.918	0.4
-102.02	32.33	0	77.785	0.4
-102.13	32.29	0	78.766	0.4
-101.98	31.24	0	90.975	0.4
-101.61	31.78	0	79.442	0.4
-101.96	31.23	0	99.597	0.4
-101.76	32.31	0	83.679	0.4
-102.09	32.54	0	75.018	0.4
-102	31.95	0	79.109	0.4
-103.37	32.02	0	84.99	0.4
-104.28	32.31	0	32.835	0.4
-104.17	32.52	0	19.479	0.4
-104.17	32.51	0	10.572	0.4
-103.71	32.14	0	71.985	0.4
-104.32	32.33	0	32.603	0.4
-103.69	32.17	0	76.329	0.4
-103.75	32.15	0	71.038	0.4
-103.73	32.15	0	74.413	0.4
-103.73	32.18	0	70.255	0.4
-104.07	32.65	0	0.8321	0.4
-104.07	32.64	0	6.4331	0.4
-103.52	32.05	0	81.853	0.4
-103.49	32.38	0	75.19	0.4
-104.18	32.38	0	22.327	0.4
-104.09	32.62	0	-5.9222	0.4
-104.19	32.21	0	41.159	0.4
-103.45	32.02	0	88.002	0.4
-103.7	32.1	0	75.363	0.4
-103.8	32.31	0	66.763	0.4
-103.48	32.04	0	78.493	0.4
-103.42	32.05	0	91.737	0.4
-103.55	32.25	0	78.415	0.4
-104.21	32.19	0	45.268	0.4
-103.56	32.27	0	78.412	0.4
-104.15	32.14	0	43.09	0.4
-103.34	32.76	0	76.965	0.25
-103.88	32.63	0	45.121	0.25
-104.17	32.51	0	5.721	0.25
-103.85	32.66	0	38.342	0.25
-103.48	32.03	0	85.893	0.25
-104.17	32.37	0	28.327	0.25
-104.15	32.49	0	14.786	0.25
-103.71	32.24	0	71.061	0.25
-103.83	32.65	0	30.519	0.25
-103.85	32.68	0	37.834	0.25
-104.17	32.37	0	10.863	0.25
-103.56	32.27	0	78.363	0.25
-103.74	32.34	0	66.589	0.25
-104.05	32.63	0	0.0576	0.25
-104.07	32.63	0	5.8062	0.25
-102.95	33.37	0	116.08	0.25
-102.97	33.33	0	110.71	0.25
-101.94	31.84	0	85.723	0.25
-101.98	31.25	0	87.493	0.25
-102.1	32.21	0	68.938	0.25
-101.95	31.8	0	82.396	0.25
-101.69	32.01	0	79.536	0.25
-102.13	32.28	0	69.691	0.25
-101.64	32	0	73.275	0.25
-101.61	31.77	0	72.353	0.25
-101.94	31.25	0	83.955	0.25
-101.79	31.27	0	78.746	0.25
-101.76	31.74	0	80.277	0.25
-101.99	31.5	0	86.044	0.25
-101.73	31.45	0	72.165	0.25
-101.74	31.52	0	80.83	0.25
-101.75	32.03	0	76.968	0.25
-101.21	31.31	0	73.624	0.25
-101.92	31.24	0	86.065	0.25
-101.98	31.5	0	92.684	0.25
-102.05	32.56	0	70.057	0.25
-101.82	32.48	0	70.935	0.25
-101.99	32.23	0	79.212	0.25
-101.97	31.52	0	92.892	0.25
-101.76	32.31	0	68.572	0.25
-102.1	31.91	0	79.707	0.25
-102.39	32.56	0	87.21	0.25
-101.92	31.22	0	91.777	0.25
-103.9	32.68	0	-9.1246	0.125
-103.26	33.45	0	117.67	0.125
-101.8	31.43	0	79.183	0.125
-101.93	31.53	0	82.854	0.125
-102.2	32.5	0	66.945	0.4
-102.2	31.7	0	74.49	0.4
-103.6	32	0	72.29	0.4
-103.8	31.3	0	125.56	0.4
-101	31.3	0	53.23	0.4
-102.1	31.9	0	65.55	0.4
-103.6	31.4	0	138	0.4
-103	32.5	0	60	0.4
-103.2	31.4	0	131.07	0.25
-101.7	31.8	0	78.598	0.125
-103.2	33.5	0	135	0.25
-88.83	31.88	0	23	0.4
-88.66	31.88	0	24	0.25
-74.81	45.67	0	60.848	0.4
-89.71	36.39	0	253.78	0.4
-98.75	36.49	0	263.1	0.4
-98.05	36.78	0	81.592	0.4
-97.67	36.76	0	98.209	0.4
-97.58	36.21	0	265.63	0.4
-97.01	36.19	0	81.016	0.4
-97.35	35.75	0	261.5	0.4
-96.84	35.67	0	265.92	0.4
-118.38	37.45	0	187.66	0.4
-111.44	42.59	0	6.9777	0.4
-119.63	41.88	0	198.05	0.4
-121.09	40.2	0	170.87	0.4
-144.25	69.5	0	157.74	0.4
-119.65	38.72	0	177.55	0.4
-118.83	38.39	0	3.1495	0.4
-118.67	38.01	0	24.686	0.4
-118.85	37.61	0	339.59	0.4
-118.83	37.51	0	157.6	0.4
-118.61	37.44	0	353.36	0.4
-122.77	38.81	0	23.237	0.4
-144.74	69.57	0	329.05	0.4
-121.07	35.71	0	33.783	0.4
-120.88	35.57	0	31.377	0.4
-120.38	36.27	0	231.51	0.4
-120.2	36.12	0	24.938	0.4
-118.44	37.56	0	353.5	0.4
-97.2	29.4	0	58	0.25
-77.93	37.89	0	95.706	0.25
-92.37	35.28	0	68.616	0.25
-97.78	37.16	0	74.185	0.25
-70.1	47.59	0	82.312	0.25
-103.4	31.16	0	302.63	0.25
-110.54	43.43	0	182.72	0.25
-120.69	39.88	0	342.49	0.25
-118.16	37.96	0	202.89	0.25
-117.86	37.15	0	195.92	0.25
-120.29	36.21	0	135.87	0.25
-142.19	66.32	0	4.6806	0.25
-151.33	63.29	0	309.13	0.25
-124.46	62.23	0	62.958	0.25
-140.74	61.47	0	190.67	0.25
-96.2	35.1	0	84	0.125
-100.87	32.91	0	227.58	0.125
-84.44	35.51	0	237.01	0.125
-98.07	28.9	0	230.86	0.125
-107.78	40.57	0	125.88	0.4
-112.68	48.62	0	54	0.4
-110.23	40.25	0	167	0.4
-110.35	40.23	0	168	0.4
-108.26	39.91	0	111.1	0.4
-108.33	40.94	0	113.02	0.4
-108.33	40.96	0	116.6	0.4
-108.3	40.95	0	116.85	0.4
-108.78	41.02	0	154	0.4
-108.78	41.02	0	166.5	0.4
-115.74	40.42	0	28.31	0.4
-104.96	37.24	0	163.1	0.25
-110.21	40.01	0	155.3	0.25
-119.08	39.58	0	28.03	0.25
-108.74	41.07	0	122.58	0.25
-108.78	41.05	0	170.6	0.25
-115.41	40.87	0	176.29	0.25
-110.06	41.4	0	122.48	0.25
-110.12	40.05	0	130	0.125
-110.02	40.08	0	135	0.125
-119.09	39.6	0	27.047	0.125
-103.38	38.65	0	68.977	0.4
-103.01	38.27	0	75.941	0.4
-104.82	37.05	0	167.1	0.4
-102.57	30.78	0	135.83	0.4
-110.07	40.08	0	108.8	0.4
-112.52	48.61	0	48.3	0.4
-103.91	48.65	0	47.3	0.4
-109.91	40.07	0	103.7	0.4
-110.15	40.15	0	95.2	0.4
-110	40.24	0	110.4	0.4
-110.33	40.21	0	7.06	0.4
-108.65	41.12	0	139.5	0.4
-105.68	44	0	120.7	0.4
-105.08	43.12	0	70.5	0.4
-106	43.58	0	106.4	0.4
-105.42	43.25	0	77	0.4
-108.62	41	0	101.95	0.4
-104.85	37.24	0	21.96	0.25
-104.93	37.24	0	25.311	0.25
-104.86	37.1	0	7.7887	0.25
-107.79	40.58	0	115.03	0.25
-90.45	32.36	0	77.066	0.25
-102.64	30.89	0	134.81	0.25
-102.6	30.8	0	141.55	0.25
-110.06	40.05	0	105	0.25
-110.13	40.01	0	133.9	0.25
-112.47	48.63	0	54.7	0.25
-110.22	40.2	0	175.8	0.25
-109.97	40.25	0	115.9	0.25
-109.95	40.05	0	115.6	0.25
-110.26	40.22	0	7	0.25
-110.36	40.27	0	9.29	0.25
-110.31	40.21	0	12	0.25
-108.79	41.04	0	146.7	0.25
-108.66	41.11	0	136.4	0.25
-115.43	40.85	0	109.04	0.25
-115.15	41.15	0	23.2	0.25
-118.15	40.99	0	25.6	0.25
-118.13	41	0	21.7	0.25
-112.89	38.5	0	23.788	0.25
-105.4	43.14	0	85.31	0.25
-105.49	43.68	0	85.4	0.25
-105.69	43.8	0	107.5	0.25
-105.4	43.19	0	66.9	0.25
-105.45	43.65	0	110	0.25
-105.58	43.75	0	105.3	0.25
-105.05	43.05	0	91.8	0.25
-101.17	31.13	0	70	0.25
-104.94	37.21	0	28.524	0.125
-104.91	37.27	0	6.8512	0.125
-110.21	40.03	0	87.4	0.125
-112.78	48.78	0	46.3	0.125
-110.04	40.07	0	107.2	0.125
-110.12	40.05	0	99.5	0.125
-109.96	40.1	0	88	0.125
-110.2	40.03	0	136.6	0.125
-110.16	40.34	0	126.5	0.125
-108.84	32.14	0	19.936	0.125
-108.84	32.14	0	29.679	0.125
-108.65	41.13	0	137	0.125
-105.61	43.61	0	119.1	0.125
-105.48	43.77	0	85	0.125
-105.44	43.37	0	92.8	0.125
-105.63	43.8	0	110.5	0.125
-110.08	41.42	0	129.99	0.125
-101.19	31.14	0	76	0.125
-104.74	40.18	0	90.321	0.4
-104.75	40.16	0	113.83	0.4
-104.64	40.17	0	109.04	0.4
-104.73	40.17	0	83.122	0.4
-104.66	40.22	0	106.38	0.4
-104.74	40.12	0	115.58	0.4
-104.76	40.12	0	110.82	0.4
-104.76	40.13	0	112.05	0.4
-104.76	40.13	0	108.88	0.4
-104.46	40.25	0	107.57	0.4
-104.91	40.01	0	123.2	0.4
-104.92	40.01	0	117.86	0.4
-104.94	40.23	0	0.8523	0.4
-104.64	40.16	0	112.67	0.4
-104.88	40.13	0	119.73	0.4
-104.97	40.07	0	111.94	0.4
-104.87	40.43	0	10.953	0.4
-104.66	40.15	0	103.23	0.4
-104.66	40.15	0	103.25	0.4
-104.66	40.15	0	100.48	0.4
-104.64	40.13	0	103.11	0.4
-104.79	40.18	0	108.97	0.4
-104.39	40.46	0	116.93	0.4
-104.39	40.46	0	125	0.4
-104.74	40.18	0	86.536	0.25
-104.73	40.19	0	121.79	0.25
-104.74	40.15	0	100.75	0.25
-104.75	40.16	0	116.41	0.25
-104.72	40.16	0	93.742	0.25
-104.73	40.16	0	106.9	0.25
-104.73	40.16	0	105.46	0.25
-104.76	40.13	0	104.75	0.25
-104.95	40.41	0	178.32	0.25
-104.95	40.41	0	7.1404	0.25
-104.77	40.17	0	96.514	0.25
-104.79	40.19	0	101.06	0.25
-104.87	40.43	0	179.33	0.25
-104.79	40.18	0	102.23	0.25
-104.77	40.19	0	96.612	0.125
-104.73	40.19	0	102.94	0.125
-104.74	40.12	0	111.5	0.125
-104.94	40.22	0	179.37	0.125
-104.96	40.22	0	25.539	0.125
-104.62	40.13	0	99.671	0.125
-104.72	40.12	0	106.6	0.125
-93.5	32.2	0	84	0.4
-96.8	29.8	0	65	0.4
-103.2	31.1	0	139	0.25
-98.7	28.7	0	42	0.4
-98.7	28.7	0	42	0.4
-99.1	28.5	0	43.91	0.4
-98.2	35.7	0	74.458	0.4
-98.3	35.6	0	75.967	0.4
-93.5	32.1	0	76.53	0.4
-98.2	28.8	0	64.775	0.4
-103.5	48.3	0	48.156	0.4
-81.07	40.18	0	51.7	0.4
-80.9	39.6	0	54.298	0.4
-93.5	32.2	0	70.27	0.4
-81	40	0	52.7	0.4
-103.3	31.3	0	131.05	0.4
-80.8	39.9	0	62.75	0.4
-81	40	0	48.533	0.4
-102.2	32.5	0	87.9	0.4
-80.2	39.9	0	53.1	0.4
-79.5	41.1	0	57.7	0.4
-80.3	39.9	0	56.1	0.4
-80.3	39.9	0	55.6	0.4
-101.5	31.8	0	69.9	0.4
-98.1	28.3	0	53.4	0.4
-99.8	28.3	0	41	0.4
-81.05	40.22	0	58.438	0.4
-97.49	36.1	0	81.801	0.4
-81.27	40.06	0	59.383	0.4
-102.89	47.55	0	53.288	0.4
-96.6	30.1	0	74.6	0.4
-103.5	32.2	0	73.4	0.4
-103.6	32.5	0	71	0.4
-103.3	31.3	0	136	0.4
-101.4	31.5	0	81.8	0.4
-103.1	31.6	0	77	0.4
-108.8	41	0	142.7	0.4
-104.96	40.42	0	6.12	0.4
-99	28.3	0	52.07	0.25
-99.8	28.2	0	44.89	0.25
-99.8	28.1	0	47.906	0.25
-99.8	28.2	0	41.578	0.25
-97.2	29.4	0	49.89	0.25
-97.5	29.2	0	46.7	0.25
-97.8	28.9	0	43.56	0.25
-97.4	29.2	0	50.845	0.25
-97.8	29	0	41.17	0.25
-97.8	29	0	42.506	0.25
-97.8	29	0	41.416	0.25
-103.5	48.1	0	44.898	0.25
-103.5	48.1	0	44.99	0.25
-96.1	35.1	0	87.195	0.25
-99.8	27.9	0	37.566	0.25
-98.9	28.3	0	51.289	0.25
-98.8	28.3	0	43.06	0.25
-79.8	40.1	0	60.2	0.25
-103	33.2	0	127	0.25
-98.7	28.6	0	42.8	0.25
-80.3	40	0	53.9	0.25
-96.3	31	0	55.2	0.25
-97.7	36.1	0	62.5	0.25
-104.7	41.2	0	139.35	0.25
-77.12	41.74	0	53.547	0.25
-109.62	42.41	0	140.78	0.25
-107.62	39.48	0	136.8	0.25
-108.5	41.4	0	163	0.25
-96.3	35	0	83.5	0.25
-92.6	32.5	0	65.6	0.25
-93.1	32.4	0	61.6	0.25
-103.4	30.9	0	134	0.25
-104.5	40.2	0	123.1	0.25
-104.6	40.1	0	120	0.25
-99.8	28.2	0	46.1	0.125
-99.5	28.1	0	37.31	0.125
-98	28.8	0	53.858	0.125
-99.6	28.3	0	40	0.125
-97.9	28.9	0	41.938	0.125
-103	47.3	0	59.306	0.125
-78.5	41.3	0	68	0.125
-80.2	40	0	52.5	0.125
-81.4	39.5	0	70	0.125
-80.3	40.2	0	50.4	0.125
-80.4	40.2	0	52	0.125
-103.1	32.6	0	78	0.125
-103	32.5	0	66	0.125
-100.8	35.9	0	100	0.125
-109.66	42.4	0	136.4	0.125
-102.1	31.5	0	115	0.125
-102.1	31.7	0	85	0.125
-97.4	35	0	68.6	0.125
-102.97	47.99	0	40.56	0.25
-108.23	43.38	0	117	0.4
-121.32	43.73	0.5	2.3	0.25
-107.64	43.17	0	120	0.125
-115.89	43.07	1	47.051	0.125
-107.69	42.92	0	116	0.4
-107.54	43.2	0	123	0.4
-107.57	43.16	0	123	0.4
-107.58	43.16	0	135	0.4
-107.55	43.16	0	136	0.4
-107.52	43.16	0	131	0.4
-108.25	43.22	0	114	0.4
-80.57	38.21	2	56.26	0.25
-97.4	33	1.5	20	0.25
-101.19	31.14	1	79	0.25
-118.93	39.76	0	27	0.25
-118.94	39.77	0.5	24	0.25
-107.55	43.19	0	121	0.25
-107.6	43.17	0	134	0.25
-107.65	43.17	0	131	0.25
-107.52	43.18	0	125	0.25
-107.51	43.16	0	138	0.25
-107.49	43.16	0	142	0.25
-107.48	43.17	0	136	0.25
-107.46	43.16	0	142	0.25
-107.6	43.17	0	133	0.25
-107.5	43.17	0	120	0.25
-107.66	43.18	0	136	0.25
-107.45	43.17	0	130	0.25
-108	43.13	0	121	0.25
-108.01	43.09	0	126	0.25
-107.9	43.19	0	119	0.25
-107.87	43.19	0	101	0.25
-108.49	43.24	0	107	0.25
-108.2	43.07	0	142	0.25
-108.51	43.42	0	113	0.25
-103.8	32.67	0	39	0.125
-103.42	32.04	0	79	0.125
-103.55	31.99	0	82	0.125
-103.87	31.6	0	91	0.125
-103.35	31.82	0	88	0.125
-103.56	31.55	0	113	0.125
-103.72	31.38	0	134	0.125
-104.35	32.21	0	31	0.125
-103.83	31.24	0	108	0.125
-103.5	31.28	0	139	0.125
-103.36	31.26	0	127	0.125
-103.28	31.11	0	134	0.125
-102.21	32.24	0	89	0.125
-102.16	32.23	0	80	0.125
-104.21	32.1	0	47	0.125
-102.06	31.88	0	88	0.125
-102.23	31.73	0	85	0.125
-101.48	32.04	0	78	0.125
-101.37	32.02	0	76	0.125
-101.48	31.8	0	74	0.125
-101.33	31.76	0	72	0.125
-102.04	31.39	0	103	0.125
-101.68	31.11	0	99	0.125
-103.44	32.28	0	60	0.125
-104.05	32.04	0	46	0.125
-104.14	31.91	0	49	0.125
-104.32	31.81	0	83	0.125
-103.87	32.12	0	63	0.125
-97.29	33.27	0.5	20	0.125
-102.83	48.29	0	47.8	0.125
-107.5	43.19	0	123	0.125
-107.6	43.16	0	138	0.125
-107.53	43.18	0	117	0.125
-97.15	32.49	0.5	24.25	0.4
-96.91	32.86	0.5	38.193	0.4
-97.57	32.96	0.5	34.069	0.125
-118.89	39.78	0.5	24	0.4
-97.51	29.12	0	53.666	0.4
-104.73	40.12	0	111.11	0.4
-92.37	35.28	1.5	67.167	0.4
-103.75	44.35	1	86.1	0.25
-97.51	29.12	0	60.684	0.125
-97.42	32.4	0	60	0.25
-96.598	34.138	0	127	0.125
-97.626	34.135	0	144	0.125
-98.074	36.531	0	92	0.25
-99.68	36.084	0	111	0.125
-97.246	35.318	0	68	0.125
-97.182	35.346	0	64	0.125
-97.146	35.905	0	76	0.25
-97.91	35.749	0	104	0.125
-97.667	34.872	0	69	0.125
-97.88	35.216	0	57	0.125
-97.739	34.985	0	71	0.125
-98.837	35.443	0	106	0.125
-97.585	35.141	0	58	0.125
-66.59	44.95	0	20	0.4
-97.737	34.887	0	74	0.125
-82.04	39.35	0	60	0.25
-66.69	44.931	0	20	0.4
-82.5	39.5	1.5	64	0.4
-76.54	42.96	0	80	0.25
-73.78	41.43	0	55	0.125
-79.5	42.13	0	72	0.125
-76.7	43	0	84	0.125
-100.65	28.96	0	19	0.25
-80.6	37.3	1.5	40	0.25
-83	36.72	0	55	0.25
-79.81	37.52	0	45	0.25
-78.25	39.2	0	49	0.4
-111.32	40.125	0.5	159	0.4
-111.82	40.51	0.5	154	0.4
-83.15	37.23	0	51	0.25
-87.42	37.73	0	94	0.4
-87.82	37.55	0	91	0.125
-87.5	37.32	0	99	0.25
-82.42	37.77	0	63	0.125
-83	37.97	0	65	0.125
-101.68	37.329	0	38	0.125
-87.82	38.28	0	101	0.25
-87.73	38.27	0	85	0.125
-87.46	38.32	0	96	0.125
-87.8	38.9	0	65	0.125
-87.78	38.74	0	89	0.125
-88.65	38.5	0	73	0.125
-89.17	38.16	0	72	0.125
-89.21	38.02	0	29	0.125
-88.95	38	0	99	0.25
-89.92	38.07	0	76	0.25
-81.617	31.233	0	12	0.25
-107.9	39.53	0	110	0.25
-104.98	40.55	0	166	0.4
-117.41	34.3	1.5	57	0.25
-118.52	34.73	0	35	0.125
-119.26	35.07	0	10	0.4
-119.23	35.06	0	0	0.4
-119.45	35.26	0	65	0.4
-118.83	35.19	0	18	0.125
-119.23	35.08	0	10	0.125
-119.32	35.06	0	56	0.125
-119.07	34.99	0	54	0.25
-115.24	32.799	0	148	0.25
-104.42	29.54	0	21	0.25
-120.14	35.933	0	40	0.25
-118.78	35.298	0	128	0.125
-106.67	35.87	0	29	0.4
-119.46	35.272	0	9	0.25
-72.467	41.517	2.5	89	0.25
-119.09	35.15	0	17	0.25
-119.12	35.09	0	8	0.4
-119.21	35.07	0	175	0.4
-119.36	35.26	0	50	0.25
-119.29	35.16	0	13	0.25
-119.33	35.14	0	18	0.4
-108.3	43.2	0	152	0.25
-119.17	35.16	0	21	0.125
-118.89	35.23	0	18	0.25
-119.02	35.02	0	75	0.4
-119.32	35.04	0	175	0.4
-119.1	35.08	0	178	0.4
-119.2	35.06	0	15	0.25
-119.04	35.01	0	64	0.25
-115.93	33.223	0	150	0.25
-124.11	40.546	0	65	0.125
-122.34	39.876	0	74	0.4
-122.04	40.01	0	55	0.25
-122.21	40.101	0	44	0.25
-121.82	38.627	0	47	0.25
-121.99	38.42	0	44	0.25
-121.51	38.151	0	62	0.25
-121.73	38.174	0	43	0.25
-122.28	37.351	0	59	0.25
-121.47	38.094	0	49	0.125
-121.78	38.217	0	38	0.25
-119.85	36.026	0	39	0.4
-120.78	36.477	0	28	0.25
-119.78	36.349	0	54	0.125
-119.88	35.956	0	58	0.4
-121.26	37.716	0	49	0.25
-120.11	36.625	0	53	0.25
-120.25	35.993	0	43	0.125
-80.461	37.943	0	35	0.125
-120.91	35.991	0	42	0.25
-119.66	35.893	0	47	0.4
-119.85	35.956	0	46	0.25
-121.71	37.7	0	30	0.125
-119.73	35.907	0	50	0.25
-121.4	37.811	0	38	0.25
-121.5	37.807	0	35	0.25
-121.28	36.221	0	48	0.125
-121.17	37.641	0	31	0.25
-119.99	36.612	0	53	0.25
-80.47	37.92	0	41	0.25
-119.91	36.078	0	44	0.4
-120.84	36.288	0	69	0.25
-120.57	37.196	0	64	0.25
-121.21	37.692	0	35	0.25
-119.78	36.253	0	51	0.25
-121.25	36.261	0	44	0.25
-120.8	35.885	0	57	0.25
-120.01	35.27	0	24	0.125
-120.02	36.265	0	40	0.25
-119.98	36.194	0	39	0.25
-121.35	36.278	0	44	0.125
-118.84	35.625	0	22	0.125
-121.06	37.461	0	62	0.25
-119.92	36.099	0	44	0.4
-119.84	35.608	0	21	0.25
-119.72	35.568	0	63	0.25
-81	39.2	0	85	0.125
-119.71	35.58	0	56	0.25
-119.59	35.606	0	26	0.25
-119.67	35.341	0	38	0.25
-119.57	35.305	0	29	0.25
-120.11	35.835	0	58	0.125
-119.52	35.243	0	12	0.25
-119.42	35.277	0	48	0.25
-119.3	35.433	0	27	0.4
-119.04	35.539	0	170	0.25
-79.04	39.46	0	53	0.25
-99.43	26.91	0	1	0.4
-119.64	35.431	0	22	0.25
-119.07	35.03	0	44	0.125
-119.19	34.954	0	58	0.125
-120.31	34.818	0	53	0.25
-119.17	35.158	0	20	0.25
-120.22	34.792	0	44	0.25
-119.21	34.969	0	40	0.125
-119.11	35.12	0	4	0.4
-120.55	35.764	0	16	0.4
-82.16	38.08	0	65	0.125
-119.36	35.543	0	27	0.4
-119.34	35.547	0	20	0.25
-119.43	35.605	0	26	0.25
-119.11	35.081	0	173	0.25
-117.95	33.928	0	178	0.125
-118.58	34.413	0	69	0.125
-118.41	34.039	0	16	0.25
-119.52	34.89	0	44	0.125
-118.34	33.957	0	18	0.125
-81.88	38.86	0	60	0.125
-118.41	34.06	0	49	0.25
-118.53	34.422	0	38	0.25
-119.14	34.428	0	62	0.25
-119.11	34.43	0	24	0.125
-118.3	33.971	0	16	0.25
-119.15	34.445	0	29	0.125
-120.23	34.723	0	56	0.25
-120.27	34.846	0	44	0.25
-120.27	34.853	0	9	0.25
-82.13	38.87	0	75	0.125
-119.25	34.889	0	25	0.125
-118.97	34.338	0	67	0.25
-120.25	36.406	0	48	0.125
-119.71	35.446	1.5	16	0.125
-118.32	35.92	0.5	9	0.4
-119.46	35.283	0	35	0.4
-117.87	34.45	1.5	160	0.25
-91.818	35.34	0	75	0.125
-80.84	39.67	0	67	0.125
-90.034	35.898	0	73	0.4
-94.386	35.356	0	33	0.125
-89	43.18	2.5	57	0.25
-93.545	35.113	0	95	0.4
-93.248	33.373	0	89	0.25
-148.4	70.48	0	158	0.125
-148.05	70.37	0	132	0.125
-148.34	70.36	0	92	0.125
-147.86	70.33	0	146	0.125
-147.86	70.33	0	82	0.125
-123.87	48.15	0	155	0.125
-146.53	69.71	0	175	0.125
-146.28	69.66	0	118	0.125
-148	70.2	0	135	0.125
-98.5	28.5	0	29	0.25
-102.33	35.297	0	127	0.125
-96.962	33.879	0	8	0.125
-96.654	33.732	0	47	0.125
-96.949	33.904	0	89	0.125
-102.51	33.621	0	70	0.125
-102.09	33.741	0	107	0.125
-122.5	47.808	0	115	0.125
-99.12	26.45	0	33	0.25
-102.16	35.39	0	109	0.125
-102.37	35.465	0	117	0.125
-94.2	33	0	77	0.125
-94.53	31.88	0	68	0.125
-94.63	32.38	0	57	0.125
-95	32.74	0	56	0.125
-95.57	32.9	0	72	0.125
-95.9	32.38	0	64	0.125
-96.38	31.9	0	54	0.125
-96.58	31.28	0	54	0.125
-82.92	36.4	0	71	0.125
-81.69	33.22	2.5	65	0.4
-76.26	41.813	0	59	0.25
-77.567	41.363	0	67	0.25
-76.343	41.7	0	72	0.125
-123.75	43.603	0	3	0.25
-124.21	43.229	0	170	0.25
-123.86	43.413	0	178	0.125
-123.31	45.987	0	52	0.25
-123.3	45.984	0	40	0.25
-123.21	45.993	0	28	0.125
-123.21	46.032	0	12	0.125
-123.3	46.05	0	58	0.125
-96.757	34.108	0	70	0.125
-97.287	34.337	0	59	0.125
-97.595	34.137	0	42	0.125
-97.331	33.956	0	19	0.125
-97.32	33.963	0	28	0.125
-97.476	34.022	0	53	0.25
-97.387	33.976	0	8	0.125
-120.47	46.75	0	9	0.25
-97.731	35.659	0	89	0.125
-98.24	34.725	0	124	0.125
-99.374	35.295	0	90	0.125
-120.22	47.035	0	22	0.25
-97.732	34.729	0	95	0.25
-122.4	47.97	0	15	0.25
-99.49	27.27	0	20	0.25
-70.533	42.633	0	86	0.125
-119.71	34.22	0	40	0.25
-120.7	34.68	0	72	0.25
-120.75	34.76	0	57	0.25
-118.18	33.814	0	19	0.125
-124.19	40.614	0	81	0.25
-120.64	34.969	0	21	0.125
-120.65	35.256	0	25	0.125
-119.36	34.33	0	178	0.25
-119.2	34.244	0	22	0.125
-119.13	34.218	0	13	0.25
-117.67	33.475	0	20	0.25
-72.53	39.33	0	58	0.125
-73.083	39.433	0	43	0.125
-72.817	39.117	0	38	0.125
-72.65	39.167	0	59	0.25
-72.467	39.367	0	67	0.4
-72.767	38.917	0	61	0.125
-73.167	38.4	0	52	0.125
-73.55	38.717	0	67	0.25
-73.383	38.483	0	42	0.125
-72.55	38.717	0	58	0.125
-73.467	38.75	0	57	0.25
-73.217	38.433	0	53	0.4
-142.4	59.95	0	161	0.125
-143.28	59.9	0	167	0.125
-142.03	59.89	0	2	0.125
-142.9	59.88	0	163	0.125
-142.27	59.86	0	159	0.125
-142.97	59.77	0	165	0.125
-143.13	59.71	0	165	0.125
-142.98	59.68	0	18	0.125
-144.03	59.66	0	17	0.125
-143.27	59.61	0	178	0.125
-123.81	45.893	0	23	0.25
-123.7	46.007	0	8	0.25
-123.68	46.106	0	168	0.4
-67.5	40.683	0	103	0.25
-67.783	40.65	0	96	0.25
-67.21	40.55	0	78	0.25
-67.6	41	0	101	0.4
-67.383	40.767	0	97	0.25
-67.5	40.833	0	88	0.4
-68.3	40.933	0	78	0.25
-80.283	30.6	0	40	0.125
-80.267	30.433	0	20	0.125
-122.72	48.914	0	5	0.25
-124.43	47.787	0	110	0.125
-124.14	47.208	0	5	0.125
-123.68	47.11	0	27	0.25
-122.25	47.792	0	88	0.25
-47.96	47.12	0	103	0.25
-48.74	46.85	0	99	0.25
-48.78	46.75	0	90	0.4
-48.83	46.75	0	91	0.4
-48.84	46.73	0	89	0.25
-48.76	46.79	0	85	0.4
-48.53	46.54	0	56	0.25
-54.39	45.25	0	78	0.25
-54.5	45.39	0	89	0.25
-48.31	47.38	0	29	0.125
-50.13	48.4	0	114	0.125
-48.33	45.86	0	180	0.4
-48.2	47.51	0	60	0.4
-49.3	49.62	0	42	0.4
-48.35	46.58	0	92	0.4
-48.37	46.98	0	27	0.125
-48.37	46.98	0	36	0.25
-61.912	46.656	0	30	0.25
-61.625	46.604	0	20	0.25
-59.81	46.56	0	69	0.25
-61.138	47.189	0	60	0.125
-59.114	43.997	0	52	0.25
-51.075	51.173	0	7	0.4
-129.36	70.782	0	43	0.25
-62.14	58.874	0	22	0.25
-46.89	47.32	0	34	0.25
-48.79	46.79	0	16	0.125
-48.78	47.04	0	164	0.125
-54.398	54.364	0	22	0.4
-55.253	54.411	0	28	0.125
-55.768	54.852	0	98	0.125
-57.748	55.531	0	11	0.25
-58.848	55.873	0	28	0.125
-61.769	58.44	0	122	0.125
-62.98	62.18	0	20	0.125
-59.11	62.94	0	80	0.25
-92.27	19.39	0	179	0.25
-92.21	19.41	0	7	0.25
-92.6	18.79	0	168	0.125
-92.83	18.94	0	38	0.25
-92.28	19.49	0	41	0.25
-91.92	19.08	0	23	0.25
-114.25	31.27	0	14	0.25
-114.78	27.54	1	155	0.4
-105.97	21.97	0	8	0.25
-105.85	22.18	0	166	0.25
-88.424	16.016	0	40	0.25
-61.44	47.8	0	60	0.125
-131.34	69.477	0	34	0.125
-134.32	69.614	0	36	0.25
-134.37	69.939	0	43	0.25
-135.39	69.57	0	70	0.25
-135.82	69.404	0	50	0.4
-131.34	69.483	0	34	0.125
-89.757	78.28	0	60	0.25
-109	77.5	0	56	0.125
-105.1	77.238	0	55	0.25
-108	77	0	15	0.125
-113.72	76.712	0	64	0.125
-109.5	77	0	60	0.125
-59.82	46.23	0	50	0.25
-60.25	46.36	0	50	0.125
-98.49	24.71	0	24	0.25
-100.01	22.07	0	154	0.4
-99.26	20.36	0	8	0.25
-99.03	20.4	0	163	0.25
-98.25	21.04	0	2	0.25
-99.18	19.32	0	84	0.4
-99	21.62	0	145	0.25
-101.05	27.07	0	159	0.25
-101.01	26.88	0	155	0.4
-102.04	27.6	0	148	0.4
-102.01	27.11	0	155	0.25
-101.21	26.1	0	115	0.125
-101.43	27.08	0	173	0.25
-102.62	27.84	0	175	0.25
-100.77	28.94	0	7	0.25
-103.18	27.82	0	161	0.25
-101.36	26.94	0	179	0.25
-99.11	21.98	0	7	0.25
-101.42	26.94	0	147	0.25
-100.51	28.5	0	24	0.25
-93.37	17.8	0	152	0.25
-93.24	17.55	0	164	0.4
-92.63	17.3	0	17	0.25
-92.19	17.49	0	24	0.25
-93.47	17.53	0	77	0.25
-98.85	21.71	0	31	0.125
-93	17.29	0	59	0.125
-93.4	17.51	0	117	0.4
-103.57	19.08	0	5	0.4
-97.78	21.55	0	155	0.25
-98.27	21.24	0	21	0.25
-97.47	20.47	0	18	0.25
-97.23	20.53	0	175	0.25
-99.43	21.45	0	32	0.25
-97.72	20.85	0	14	0.25
-97.8	20.96	0	9	0.25
-97.79	21.03	0	0	0.25
-97.67	20.92	0	2	0.125
-96.46	19.01	0	122	0.25
-92.72	18.29	0	32	0.25
-93.45	18.1	0	134	0.25
-93.25	18.12	0	160	0.4
-114.97	31.87	0	149	0.25
-100.77	26.67	0	169	0.125
-93.45	18.09	0	145	0.125
-92.82	18.2	0	32	0.125
-93.98	18.1	0	82	0.25
-93.76	18.34	0	101	0.25
-93.96	18.15	0	113	0.25
-98.08	24.72	0	34	0.25
-99.28	26.43	0	5	0.25
-111.95	25.06	0	130	0.25
-99.48	27	0	33	0.25
-100.85	26.39	0	161	0.25
-88.552	15.367	0	45	0.25
-90.76	17.51	0	26	0.25
-90.23	15.92	0	38	0.25
-89.59	16.06	0	45	0.25
-90.36	16.14	0	32	0.4
-90.7	17.38	0	13	0.125
-90.36	15.99	0	24	0.125
-90.34	17.08	0	34	0.25
-90.1	16.06	0	44	0.4
-90.32	16.05	0	41	0.125
-90.14	16.04	0	38	0.125
-123.82	60.4	0	157	0.25
-138.43	66.56	0	40	0.25
-126.91	65.27	0	34	0.25
-124.1	60.12	0	54	0.25
-123.88	60.43	0	72	0.25
-123.91	60.4	0	65	0.25
-121.18	60.47	0	59	0.25
-129.18	65.87	0	17	0.25
-125.58	64.15	0	124	0.25
-117.44	53.21	0	67	0.125
-125.45	64.41	0	138	0.25
-132.45	66.08	0	174	0.25
-131.82	65.52	0	16	0.25
-133.97	66.15	0	169	0.25
-134.73	66.34	0	174	0.25
-135.15	68.12	0	62	0.25
-126.88	65.27	0	41	0.25
-121.02	59.7	0	78	0.25
-59.23	47.96	0	70	0.125
-115.69	53.3	0	37	0.25
-116.93	53.09	0	57	0.25
-113.42	50.03	0	53	0.25
-114.44	49.72	0	37	0.125
-114.45	49.75	0	31	0.125
-114.75	51.05	0	37	0.25
-114.35	50.23	0	52	0.25
-114.35	50.35	0	50	0.125
-114.48	50.72	0	64	0.25
-114.55	50.77	0	58	0.25
-114.62	50.87	0	45	0.25
-115.43	51.91	0	48	0.125
-110.13	51.18	0	53	0.25
-114.65	51.44	0	52	0.4
-115.75	53.17	0	44	0.25
-114.94	51.83	0	64	0.25
-115.1	51.96	0	49	0.25
-115.52	52.2	0	61	0.4
-114.11	52.02	0	43	0.125
-115.05	51.97	0	52	0.25
-115.43	53.21	0	47	0.25
-115.55	51.98	0	81	0.25
-115.11	52.08	0	33	0.25
-117.23	53.27	0	61	0.4
-111.53	53.34	0	56	0.125
-117.11	53.31	0	49	0.4
-115.25	52.18	0	32	0.4
-117.81	53.3	0	56	0.25
-118.19	53.59	0	45	0.25
-116.94	53.43	0	39	0.4
-111.79	53.46	0	42	0.25
-115.38	53.47	0	42	0.25
-117.03	53.49	0	35	0.25
-116.57	54.03	0	48	0.25
-116.56	54.04	0	46	0.125
-116.56	54.07	0	44	0.25
-116.57	54.1	0	47	0.125
-118.64	54.74	0	41	0.25
-122.67	58.09	0	62	0.4
-115.37	56.03	0	25	0.25
-115.43	56.07	0	29	0.125
-115.3	52.24	0	30	0.25
-118.81	56.13	0	16	0.25
-115.27	56.57	0	28	0.125
-118.73	57.35	0	53	0.25
-109.3	53.47	0	31	0.125
-138.74	69.131	0	43	0.25
-138.95	69.342	0	30	0.125
-135.13	65.69	0	38	0.25
-140.29	65.8	0	0	0.25
-115.52	53.23	0	49	0.25
-140.1	66.36	0	165	0.25
-137.13	68.27	0	54	0.25
-135.55	68.37	0	58	0.25
-109.58	49.33	0	49	0.125
-115.53	52.32	0	54	0.25
-122.17	58.41	0	67	0.4
-109.48	52.69	0	73	0.25
-119.1	58.71	0	60	0.125
-72.34	46	0	52	0.25
-64.55	48.83	0	65	0.25
-72.8	45.76	0	30	0.25
-72.41	46.37	0	53	0.25
-71.7	46.35	0	51	0.125
-71.61	46.49	0	53	0.125
-71.58	46.52	0	62	0.25
-72.77	45.74	0	35	0.125
-71.6	46.51	0	66	0.125
-71.57	46.5	0	62	0.25
-71.66	46.4	0	47	0.25
-72.43	45.8	0	43	0.125
-72.63	46.18	0	46	0.125
-69.46	47.61	0	45	0.125
-71.57	46.66	0	60	0.25
-66.95	48.44	0	54	0.25
-121.68	58.7	0	63	0.25
-81	46.5	2.5	86	0.125
-81.35	48.19	2.5	80	0.125
-82.6	46.3	2.5	77	0.125
-81.6	46.8	2.5	84	0.125
-81.5	42.8	0	61	0.125
-136.23	68.651	0	42	0.4
-131.61	69.709	0	28	0.25
-132.74	69.388	0	30	0.25
-132.8	69.445	0	70	0.125
-132.81	69.315	0	66	0.25
-133.36	69.2	0	34	0.25
-133.77	68.762	0	78	0.25
-133.77	68.888	0	44	0.4
-116.84	52.8	0	44	0.25
-134.41	68.848	0	66	0.4
-134.61	68.989	0	58	0.25
-134.81	68.833	0	52	0.25
-134.9	68.34	0	69	0.4
-134.94	69.357	0	59	0.4
-134.99	69.404	0	70	0.25
-135.07	69.259	0	65	0.4
-135.1	69.092	0	46	0.25
-135.13	68.271	0	68	0.25
-135.15	68.121	0	68	0.4
-135.16	68.844	0	65	0.4
-135.25	69.292	0	68	0.25
-135.3	68.881	0	30	0.125
-135.39	69.402	0	27	0.25
-137.45	68.772	0	77	0.25
-135.43	69.353	0	57	0.25
-135.85	69.209	0	65	0.25
-135.88	68.734	0	46	0.25
-134.98	69.23	0	36	0.25
-135.57	67.223	0	30	0.25
-124.13	60.13	0	38	0.125
-84	80	0	56	0.125
-87	79.5	0	60	0.125
-117	73.5	0	66	0.125
-110	76.5	0	11	0.125
-121.06	59.79	0	0	0.125
-88.39	18.44	0	13	0.25
-88.39	17.97	0	40	0.125
-88.79	17.25	0	36	0.25
-121.23	38.78	0.5	166	0.25
-122.61	47.71	2	9	0.4
-111.26	42.15	0.5	2	0.25
-112.07	41.702	0.5	1	0.25
-112.03	41.34	0.5	150	0.25
-112.27	40.31	0.5	174	0.25
-111.63	40.26	0.5	172	0.25
-111.57	40.16	0.5	159	0.25
-111.83	39.86	0.5	33	0.25
-98.5	34.8	1.5	74	0.25
-101.87	34.78	1	45	0.125
-83.347	34.517	2.5	51	0.4
-82.87	35	2.5	60	0.125
-121.8	42.317	0.5	140	0.25
-121.68	42.133	0.5	167	0.25
-83.92	40.64	2.5	70	0.25
-117.33	40.37	0.5	30	0.125
-116	38.25	0.5	30	0.4
-116	37	1	30	0.4
-106.83	35.92	0.5	10	0.4
-108	34.22	0.5	28	0.125
-108.93	34.07	0.5	35	0.125
-108.17	34.95	0.5	25	0.125
-108.34	34.72	0.5	19	0.25
-106.59	35.49	0.5	13	0.125
-106.57	35.45	0.5	174	0.125
-106.49	35.49	0.5	175	0.125
-106.23	36.12	0.5	0	0.4
-105.76	36.52	0.5	4	0.125
-106.37	36.65	0.5	7	0.125
-104.48	35.87	0.5	127	0.125
-104.38	36.62	0.5	100	0.4
-104.11	36.99	0.5	76	0.125
-103.87	36.84	0.5	91	0.125
-103.2	36.53	0.5	102	0.125
-103.6	36.48	0.5	105	0.125
-106.18	35.63	0.5	14	0.4
-107.51	35.18	0.5	24	0.125
-107.49	35.12	0.5	28	0.125
-107.35	35.22	0.5	17	0.4
-108.87	34.25	0.5	42	0.125
-105.95	36.84	0.5	8	0.125
-105.41	36.99	0.5	16	0.125
-104.5	36.87	0.5	126	0.125
-104.56	36.76	0.5	108	0.4
-104.33	36.62	0.5	113	0.4
-103.9	36.29	0.5	105	0.4
-104.9	36.42	0.5	138	0.4
-106.83	35.92	0.5	35	0.4
-106.8	35.67	0.5	13	0.125
-107.48	35.4	0.5	28	0.125
-107.63	35.33	0.5	17	0.4
-106.77	35.15	0.5	3	0.25
-107.85	35	0.5	23	0.125
-106.87	34.88	0.5	15	0.125
-107.36	34.76	0.5	30	0.125
-107.54	34.57	0.5	8	0.125
-107.33	34.55	1	5	0.25
-106	33.78	0.5	94	0.125
-107	32	0.5	10	0.125
-107.8	31.83	0.5	0	0.4
-109	41.75	0.5	150	0.25
-109.45	41.55	1.5	150	0.125
-81.4	38	2.5	64	0.25
-80.42	39.75	2.5	96	0.4
-78.116	39.56	2.5	27	0.4
-82	38.14	2	60	0.25
-87.85	44.07	2.5	60	0.25
-122.22	46.3	1.5	31	0.4
-119.68	46.533	2.5	2	0.25
-119.57	46.438	2.5	23	0.25
-77.8	37.8	1.5	80	0.25
-111.41	40.608	0.5	150	0.125
-112.17	38.5	1.5	12	0.25
-111.31	40.8	0.5	106	0.4
-112.85	38.51	0.5	35	0.125
-113.55	37.4	0.5	25	0.4
-111.17	38.708	0.5	170	0.25
-77.17	39.25	2.5	145	0.125
-94	32.67	1	90	0.125
-89.9	42.42	2	48	0.125
-89.35	39.3	2	62	0.125
-113.3	42.2	0.5	29	0.125
-116.06	47.33	0.5	105	0.125
-107.9	39.53	0.5	120	0.125
-108.38	39.83	1.5	110	0.4
-116.83	34.04	1.5	173	0.4
-117.22	34.13	0.5	168	0.4
-118.03	34.5	2.5	178	0.4
-119.22	34.91	2.5	165	0.4
-118.84	37.55	1.5	155	0.4
-121.35	36.69	1.5	178	0.125
-119.5	38.5	1.5	5	0.125
-119.38	37.875	1.5	3	0.125
-118.3	37.5	0.5	30	0.125
-119	37.375	1.5	19	0.125
-118.5	36.75	1.5	47	0.125
-118.2	36.75	1.5	12	0.25
-118.4	34.41	2.5	36	0.4
-109.63	34.23	0.5	8	0.125
-113.17	36.42	0.5	0	0.125
-111.42	35.55	0.5	35	0.125
-110.17	35.42	0.5	125	0.4
-111.42	35.25	0.5	120	0.25
-111.96	35.08	0.5	125	0.25
-113.21	34.58	0.5	32	0.125
-109.68	34.14	0.5	105	0.4
-113.5	32.12	0.5	0	0.125
-109.3	31.45	0.5	28	0.25
-144.5	65.5	1.5	20	0.125
-165	65.2	0.5	90	0.125
-163	65.1	0.5	90	0.125
-156	64.7	1.5	110	0.125
-146.5	63.5	1.5	180	0.125
-150	61.5	1.5	100	0.125
-145	63.2	1.5	160	0.125
-143	62.5	1.5	13	0.125
-138	59	1.5	7	0.125
-147.6	59.8	2.5	127	0.125
-111.96	26.82	1	150	0.4
-111.96	26.82	1	2	0.4
-109.7	23.72	1	139	0.4
-114.78	27.54	1	2	0.4
-114.43	27.22	1	26	0.4
-113.22	28.65	1	155	0.4
-99.92	19.84	0.5	83	0.4
-100.07	20.01	0.5	133	0.4
-98.81	19.17	0.5	72	0.125
-99.41	19.19	0.5	89	0.125
-101.09	19.79	0.5	32	0.4
-100.88	19.8	0.5	54	0.4
-112.33	27.41	1	150	0.4
-100.34	19.85	0.5	67	0.4
-100.17	19.85	0.5	45	0.4
-100.35	19.8	0.5	77	0.125
-100.44	19.77	0.5	77	0.125
-100.33	19.83	0.5	80	0.125
-100.33	19.82	0.5	40	0.125
-101.32	19.06	0.5	36	0.125
-102.08	19.13	0.5	19	0.125
-112.33	27.41	1	1	0.4
-102.42	19.28	0.5	51	0.125
-101.29	19.74	0.5	81	0.125
-100.9	19.78	0.5	88	0.125
-100.52	19.85	0.5	93	0.125
-112.26	27.29	1	2	0.4
-109.73	23.23	1	136	0.4
-102.64	19.37	0.5	57	0.125
-98.35	19.73	0.5	52	0.25
-98.63	19.97	0.5	56	0.25
-98.47	19.79	0.5	61	0.25
-100.88	20.09	0.5	100	0.125
-101.27	20.11	0.5	76	0.125
-98.98	19.33	0.5	75	0.125
-111.76	26.55	1	157	0.4
-111.76	26.55	1	0	0.4
-111.63	26.43	1	179	0.4
-111.43	26.11	1	166	0.4
-110.73	24.28	1	147	0.4
-96.96	19.17	0.5	67	0.125
-97.05	19.59	0.5	52	0.125
-94.86	18.29	0.5	114	0.125
-95.16	18.44	0.5	124	0.125
-107.17	31.08	0.5	0	0.125
-97.44	19.68	0.5	42	0.125
-98.33	19.06	0.5	93	0.125
-97.65	19.32	0.5	82	0.125
-97.4	19.26	0.5	76	0.125
-97.54	19.12	0.5	91	0.125
-113.7	28.94	1	142	0.4
-99.27	19.1	0.5	89	0.125
-113	27.02	1	160	0.4
-79.907	43.515	2.5	37	0.125
-80.02	48.17	2.5	168	0.125
-112.94	49.709	1.5	80	0.125
-113.21	43.42	0.5	152	0.4
-128.71	48.442	0	19	0.25
-118.91	37.68	1.5	118	0.4
-119	37.7	1	59	0.125
-118.91	37.68	1	135	0.125
-120.61	34.489	2	36	0.25
-120.97	35.122	2	53	0.125
-91.634	28.185	0.5	62	0.125
-91.656	28.201	0.5	172	0.4
-91.682	28.206	0.5	129	0.25
-91.695	28.21	0.5	122	0.125
-91.686	28.211	0.5	177	0.125
-91.662	28.203	0.5	3	0.125
-91.707	28.166	0.5	77	0.25
-91.668	28.24	0.5	170	0.125
-91.65	28.254	0.5	82	0.125
-122.15	37.29	2.5	41	0.4
-122.54	37.73	1.5	161	0.4
-122.93	59.619	0	57	0.25
-119.69	35.189	0	21	0.25
-119.72	35.2	0	8	0.125
-119.93	35.649	1.5	53	0.4
-119.94	35.682	1.5	54	0.4
-119.97	35.714	1.5	36	0.4
-119.92	35.506	1.5	21	0.4
-119.95	35.539	1.5	16	0.4
-119.98	35.572	1.5	40	0.4
-119.87	35.386	1.5	13	0.4
-86.788	56.501	0	33	0.25
-87.517	59.847	0	118	0.125
-88.558	59.215	0	47	0.25
-88.449	29.15	0	24	0.125
-88.415	29.105	0	63	0.125
-88.433	29.214	0	150	0.125
-89.168	28.222	0	35	0.125
-88.995	28.505	0	43	0.125
-89.751	28.561	0	89	0.125
-88.903	28.849	0	43	0.125
-88.921	28.862	0	139	0.125
-89.803	28.278	0	158	0.125
-90.548	27.846	0	27	0.125
-90.002	28.6	0	99	0.125
-123.95	59.802	0	19	0.25
-116.22	33.76	1.5	20	0.4
-121.88	37.04	1.5	27	0.4
-115.31	33.972	1.5	37	0.4
-115.4	32.74	1.5	5	0.4
-115.45	33.086	1.5	9	0.4
-115.51	32.84	1.5	9	0.4
-115.54	32.964	1.5	20	0.4
-115.54	32.915	1.5	20	0.4
-115.59	33.162	1.5	12	0.4
-115.59	33.113	1.5	19	0.4
-115.6	33.063	1.5	20	0.4
-115.6	33.014	1.5	13	0.4
-115.62	33.236	1.5	13	0.4
-115.63	32.94	1.5	7	0.4
-115.63	32.842	1.5	172	0.4
-115.65	33.163	1.5	22	0.4
-115.65	33.113	1.5	17	0.4
-115.66	33.064	1.5	20	0.4
-115.74	33.336	1.5	20	0.4
-115.74	33.238	1.5	19	0.4
-115.74	33.04	1.5	169	0.4
-115.77	32.967	1.5	169	0.4
-115.83	33.017	1.5	169	0.4
-115.83	32.967	2.5	153	0.4
-115.89	33.017	2.5	168	0.4
-115.91	33.881	1.5	26	0.4
-115.91	33.683	1.5	37	0.4
-115.94	33.264	1.5	164	0.4
-115.94	33.215	1.5	166	0.4
-115.98	33.141	1.5	174	0.4
-115.98	32.747	1.5	175	0.4
-116	33.216	1.5	169	0.4
-116.06	33.266	1.5	172	0.4
-116.06	33.216	1.5	174	0.4
-116.08	34.03	1.5	40	0.4
-116.08	33.932	1.5	31	0.4
-116.09	33.142	1.5	4	0.4
-116.11	33.759	1.5	31	0.4
-116.12	33.266	1.5	174	0.4
-116.15	32.896	1.5	178	0.4
-116.16	32.699	1.5	177	0.25
-116.17	33.908	1.5	45	0.4
-116.17	33.858	1.5	39	0.4
-116.17	33.809	0.5	6	0.4
-116.18	33.316	1.5	1	0.4
-116.21	33.242	1.5	1	0.4
-116.21	33.045	1.5	6	0.4
-116.23	34.056	1.5	177	0.4
-116.23	34.007	1.5	27	0.4
-116.23	33.957	1.5	32	0.4
-116.23	33.908	2	37	0.4
-116.23	33.859	1.5	42	0.4
-116.24	33.316	2.5	177	0.4
-116.29	34.056	1.5	47	0.4
-116.29	33.909	1.5	33	0.4
-116.3	33.366	1.5	173	0.4
-116.3	33.317	1.5	3	0.4
-116.32	34.229	1.5	25	0.4
-116.32	34.131	1.5	21	0.4
-116.32	33.835	1.5	27	0.4
-116.33	33.44	2	175	0.4
-116.33	33.243	1.5	9	0.4
-116.33	33.046	1.5	167	0.4
-116.35	34.057	1.5	23	0.4
-116.35	33.909	1.5	23	0.4
-116.36	33.366	1.5	178	0.4
-116.36	33.317	1.5	4	0.4
-116.37	34.674	1.5	29	0.4
-116.39	32.898	1.5	171	0.4
-116.41	34.353	1.5	48	0.4
-116.41	34.304	1.5	41	0.4
-116.41	34.255	1.5	5	0.4
-116.41	34.205	1.5	22	0.4
-116.41	34.107	1.5	11	0.4
-116.41	34.057	1.5	17	0.4
-116.41	34.008	1.5	23	0.4
-116.41	33.515	1.5	175	0.4
-116.41	33.465	1.5	1	0.4
-116.41	33.416	2	11	0.4
-116.41	33.367	1.5	8	0.4
-116.41	33.317	1.5	5	0.4
-116.43	34.526	1.5	37	0.4
-116.44	33.934	1.5	19	0.4
-116.44	33.244	1.5	1	0.4
-116.44	33.145	1.5	15	0.4
-116.45	33.046	1.5	174	0.4
-116.46	34.452	1.5	52	0.4
-116.46	34.403	1.5	35	0.4
-116.47	34.304	1.5	39	0.4
-116.47	34.255	1.5	20	0.4
-116.47	34.206	1.5	47	0.4
-116.47	34.156	1.5	55	0.4
-116.47	34.107	1.5	8	0.4
-116.47	33.515	1.5	160	0.4
-116.47	33.466	1.5	178	0.4
-116.49	34.97	1.5	36	0.4
-116.52	34.65	1.5	31	0.4
-116.52	34.551	1.5	42	0.4
-116.52	34.502	1.5	47	0.4
-116.52	34.452	1.5	47	0.4
-116.52	34.403	1.5	44	0.4
-116.53	34.009	2.5	158	0.4
-116.53	33.959	2.5	172	0.4
-116.53	33.515	1.5	18	0.4
-116.53	33.466	1.5	1	0.4
-116.56	34.132	1.5	4	0.4
-116.56	33.836	1.5	179	0.4
-116.58	34.65	1.5	34	0.4
-116.58	34.601	2.5	10	0.25
-116.58	34.551	2.5	2	0.4
-116.59	34.009	2.5	167	0.4
-116.59	33.96	2	172	0.4
-116.59	33.466	1.5	2	0.4
-116.62	33.294	1.5	12	0.4
-116.62	33.096	1.5	8	0.4
-116.64	34.65	1.5	4	0.4
-116.64	34.601	2.5	155	0.4
-116.64	34.108	1.5	180	0.4
-116.64	34.058	2.5	175	0.4
-116.64	34.009	2.5	171	0.4
-116.64	33.96	2.5	175	0.4
-116.65	33.565	1.5	18	0.4
-116.67	34.33	1.5	10	0.4
-116.68	33.738	1.5	2	0.4
-116.7	34.651	1.5	150	0.4
-116.7	34.256	1.5	13	0.4
-116.7	34.157	1.5	176	0.4
-116.7	34.059	2	175	0.4
-116.7	33.96	2	1	0.4
-116.7	33.911	1.5	5	0.4
-116.71	33.664	2	6	0.4
-116.71	33.615	1.5	6	0.4
-116.71	33.566	1.5	20	0.4
-116.76	34.306	1.5	12	0.4
-116.76	34.256	1.5	10	0.4
-116.76	34.207	1.5	176	0.4
-116.76	34.01	2	174	0.4
-116.76	33.96	2	4	0.4
-116.76	33.911	1.5	1	0.4
-116.77	33.714	1.5	169	0.4
-116.77	33.664	1.5	9	0.4
-116.77	33.566	1.5	37	0.4
-116.77	33.516	1.5	30	0.4
-116.79	34.922	1.5	24	0.4
-116.79	33.837	1.5	176	0.4
-116.8	33.442	1.5	16	0.4
-116.8	33.344	1.5	3	0.4
-116.8	33.245	1.5	7	0.4
-116.82	34.306	1.5	2	0.4
-116.82	34.256	1.5	4	0.4
-116.82	34.207	1.5	177	0.4
-116.82	34.158	1.5	163	0.4
-116.82	34.108	1.5	177	0.4
-116.82	34.01	1.5	164	0.4
-116.82	33.96	1.5	178	0.4
-116.82	33.911	1.5	178	0.4
-116.82	33.714	1.5	11	0.4
-116.82	33.566	1.5	26	0.4
-116.83	33.517	1.5	33	0.4
-116.85	34.478	1.5	5	0.4
-116.88	34.947	1.5	20	0.4
-116.88	34.355	1.5	1	0.4
-116.88	34.306	1.5	2	0.4
-116.88	34.256	1.5	172	0.4
-116.88	34.207	1.5	173	0.4
-116.88	34.158	1.5	173	0.4
-116.88	34.108	1.5	178	0.4
-116.88	34.01	1.5	160	0.4
-116.88	33.961	1.5	177	0.4
-116.91	33.837	1.5	1	0.4
-116.91	33.739	2.5	2	0.4
-116.91	33.443	1.5	11	0.4
-116.91	33.344	1.5	0	0.4
-116.94	35.046	1.5	25	0.4
-116.94	34.996	1.5	22	0.4
-116.94	34.947	1.5	29	0.4
-116.94	34.898	2	16	0.4
-116.94	34.355	1.5	2	0.4
-116.94	34.306	1.5	176	0.4
-116.94	34.109	1.5	5	0.4
-116.94	34.01	1.5	173	0.4
-116.94	33.961	1.5	6	0.4
-117	35.046	1.5	28	0.4
-117	34.996	1.5	18	0.4
-117	34.109	1.5	168	0.4
-117	34.059	2.5	176	0.4
-117	34.01	1.5	0	0.4
-117	33.961	1.5	17	0.4
-117.03	34.331	1.5	169	0.4
-117.03	33.837	1.5	178	0.4
-117.06	34.257	1.5	174	0.4
-117.06	34.01	1.5	5	0.4
-117.06	33.911	1.5	13	0.4
-117.09	34.479	1.5	169	0.4
-117.09	33.492	1.5	1	0.4
-117.12	34.059	1.5	22	0.4
-117.12	34.01	1.5	16	0.4
-117.15	34.331	1.5	167	0.4
-117.15	34.232	1.5	163	0.4
-117.15	33.936	1.5	14	0.4
-117.18	34.059	1.5	16	0.4
-117.18	34.01	1.5	21	0.4
-117.24	34.059	1.5	31	0.4
-117.24	34.01	1.5	37	0.4
-117.3	34.158	0.5	167	0.4
-117.3	34.109	1.5	30	0.4
-117.3	34.059	1.5	36	0.4
-117.33	35.465	1.5	29	0.4
-117.33	33.887	1.5	3	0.4
-117.36	34.158	1.5	8	0.4
-117.39	34.232	1.5	4	0.4
-117.42	34.158	1.5	9	0.4
-117.42	34.108	1.5	4	0.4
-117.45	34.971	1.5	24	0.4
-117.45	34.577	2.5	14	0.4
-117.47	34.256	2.5	0	0.4
-117.47	34.207	1.5	0	0.4
-117.47	34.158	1.5	8	0.4
-117.47	34.108	1.5	3	0.4
-117.51	35.81	1.5	179	0.4
-117.51	35.711	1.5	9	0.4
-117.51	35.612	1.5	10	0.4
-117.53	34.059	1.5	9	0.4
-117.53	34.009	1.5	178	0.4
-117.57	35.464	1.5	179	0.4
-117.56	33.886	1.5	176	0.4
-117.6	36.08	1.5	12	0.4
-117.6	35.785	1.5	13	0.4
-117.6	35.735	1.5	180	0.4
-117.6	35.686	1.5	6	0.4
-117.59	34.059	1.5	15	0.4
-117.59	34.009	1.5	18	0.4
-117.63	36.006	1.5	8	0.4
-117.63	35.908	1.5	15	0.4
-117.63	35.612	1.5	11	0.4
-117.63	35.316	1.5	19	0.4
-117.62	34.33	2.5	8	0.4
-117.62	34.231	1.5	6	0.4
-117.62	34.133	1.5	0	0.4
-117.67	36.129	1.5	159	0.4
-117.67	36.08	1.5	5	0.4
-117.66	35.834	1.5	11	0.4
-117.73	36.08	1.5	180	0.4
-117.72	36.031	1.5	7	0.4
-117.72	35.981	1.5	6	0.4
-117.72	35.932	1.5	21	0.4
-117.72	35.883	1.5	24	0.4
-117.72	35.833	1.5	15	0.4
-117.72	35.784	1.5	7	0.4
-117.72	35.735	1.5	7	0.4
-117.72	35.685	1.5	13	0.4
-117.71	34.157	1.5	1	0.4
-117.71	34.107	1.5	4	0.4
-117.74	33.935	1.5	170	0.4
-117.79	36.03	1.5	17	0.4
-117.79	35.981	1.5	20	0.4
-117.78	35.932	1.5	17	0.4
-117.78	35.833	1.5	8	0.4
-117.78	35.734	1.5	9	0.4
-117.82	36.252	1.5	12	0.4
-117.81	35.463	1.5	21	0.4
-117.81	35.266	0.5	8	0.4
-117.8	34.477	2.5	175	0.4
-117.8	34.279	1.5	9	0.4
-117.85	36.129	1.5	13	0.4
-117.85	36.079	1.5	23	0.4
-117.85	36.03	1.5	27	0.4
-117.88	35.906	1.5	13	0.4
-117.86	33.835	2.5	176	0.4
-117.91	36.079	1.5	21	0.4
-117.91	35.98	1.5	29	0.4
-117.94	36.547	2.5	51	0.4
-118	36.103	1.5	26	0.4
-118	36.004	1.5	26	0.4
-118	35.906	1.5	29	0.4
-118.03	35.782	1.5	2	0.4
-118.03	35.733	1.5	8	0.4
-118.06	36.25	0.5	14	0.4
-118.05	35.264	1.5	7	0.4
-118.04	34.475	2.5	13	0.4
-118.04	34.278	2.5	177	0.4
-118.09	35.732	1.5	11	0.4
-118.08	35.683	1.5	180	0.4
-118.07	34.056	2.5	177	0.4
-118.1	34.13	2.5	8	0.4
-118.15	35.683	1.5	20	0.4
-118.13	34.055	2.5	2	0.4
-118.24	36.002	0.5	48	0.4
-118.24	35.904	1.5	18	0.4
-118.23	35.608	1.5	7	0.4
-118.22	34.03	2.5	5	0.4
-118.31	36.248	1.5	174	0.4
-118.29	35.262	1.5	156	0.4
-118.29	35.065	1.5	171	0.4
-118.28	34.473	2.5	12	0.4
-118.28	34.276	2.5	25	0.4
-118.33	35.977	1	46	0.4
-118.33	35.928	1.5	10	0.4
-118.33	35.878	1.5	15	0.4
-118.33	35.829	1.5	171	0.4
-118.33	35.78	1.5	1	0.4
-118.33	35.632	1.5	11	0.4
-118.33	35.582	1.5	4	0.4
-118.36	36.1	1.5	48	0.4
-118.33	34.029	2.5	26	0.4
-118.39	35.779	2.5	9	0.4
-118.39	35.73	1.5	177	0.4
-118.39	35.68	1.5	16	0.4
-118.39	35.582	1.5	177	0.4
-118.39	35.532	1.5	6	0.4
-118.44	35.483	1.5	179	0.4
-118.43	34.349	2.5	17	0.4
-118.43	34.299	2.5	29	0.4
-118.42	34.25	2.5	23	0.4
-118.48	35.605	1.5	165	0.4
-118.47	35.408	1.5	173	0.4
-118.46	34.422	2.5	3	0.4
-118.5	35.334	1.5	177	0.4
-118.49	34.348	2.5	14	0.4
-118.48	34.249	2.5	35	0.4
-118.53	35.063	2	6	0.4
-118.52	34.668	2	162	0.4
-118.56	35.333	1.5	165	0.4
-118.56	35.284	1.5	172	0.4
-118.55	34.397	2.5	21	0.4
-118.55	34.347	2.5	24	0.4
-118.55	34.298	2.5	15	0.4
-118.54	34.249	2.5	24	0.4
-118.54	34.199	2.5	28	0.4
-118.6	35.604	1.5	172	0.4
-118.59	35.407	1.5	158	0.4
-118.59	35.21	1.5	170	0.4
-118.62	35.333	1.5	156	0.4
-118.62	35.283	1.5	161	0.4
-118.61	34.445	2.5	19	0.4
-118.61	34.396	2.5	20	0.4
-118.61	34.347	2.5	24	0.4
-118.6	34.297	2.5	11	0.4
-118.6	34.248	2.5	19	0.4
-118.6	34.199	2	21	0.4
-118.67	34.395	2.5	13	0.4
-118.67	34.346	2.5	20	0.4
-118.66	34.297	2.5	23	0.4
-118.66	34.247	2.5	14	0.4
-118.7	34.518	2.5	12	0.4
-118.72	34.394	2.5	3	0.4
-118.72	34.345	2.5	9	0.4
-118.72	34.296	2.5	13	0.4
-118.77	35.06	2.5	11	0.4
-118.76	34.862	1.5	27	0.4
-118.76	34.665	2.5	141	0.4
-118.89	35.354	2.5	171	0.4
-118.95	35.008	2.5	9	0.4
-118.94	34.811	2.5	158	0.4
-118.99	34.465	2.5	177	0.4
-119.07	35.006	2.5	8	0.4
-119.06	34.907	2.5	166	0.4
-119.18	37.124	1.5	162	0.4
-119.36	34.951	2.5	5	0.4
-119.35	34.557	2.5	15	0.4
-120.64	36.695	2.5	57	0.4
-120.57	35.121	2.5	32	0.4
-115.87	32.647	1.5	2	0.4
-118.15	33.192	2.5	36	0.4
-118.27	33.882	2.5	26	0.4
-118.51	34.076	2.5	35	0.4
-118.51	33.879	2.5	24	0.4
-118.75	34.074	2.5	14	0.4
-118.75	33.876	2.5	25	0.4
-118.99	34.07	2.5	17	0.4
-118.98	33.676	2.5	174	0.4
-115.11	32.588	2.5	13	0.4
-115.46	32.494	1.5	9	0.4
-126.43	41.001	0	138	0.125
-72.766	38.965	0	5	0.125
-120.5	33.545	2.5	9	0.4
-118.08	33.83	1.5	23	0.25
-75.23	48.68	2.5	38	0.4
-80.47	32.92	1.5	64	0.25
-71.54	46.51	1.5	81	0.25
-71.56	46.49	1.5	66	0.125
-72.773	45.737	1.5	31	0.4
-72.338	46.01	1.5	59	0.4
-72.985	45.698	1.5	32	0.125
-71.63	46.48	1.5	97	0.125
-72.812	45.692	1.5	43	0.4
-71.582	46.505	1.5	78	0.25
-72.32	46.182	1.5	67	0.25
-71.585	46.504	1.5	74	0.25
-71.58	46.5	1.5	48	0.125
-71.568	46.51	1.5	45	0.125
-149	65	1.5	157	0.4
-140.5	61.3	1.5	15	0.4
-153	65.5	1.5	166	0.4
-148	61.8	1.5	142	0.4
-147	65.5	1.5	10	0.4
-160	66	0.5	139	0.4
-147.5	64.5	1.5	1	0.25
-138	59.5	2.5	36	0.25
-141	60	2	179	0.25
-150.5	61	2.5	87	0.25
-153	63	1.5	136	0.25
-140.5	62	1.5	5	0.25
-148	63.5	2.5	179	0.125
-146.5	63.5	2.5	151	0.125
-147.5	68.5	1.5	152	0.125
-142.5	62.5	1.5	16	0.125
-150.5	62	2.5	95	0.125
-147	61.5	1.5	27	0.125
-153	59.5	1.5	149	0.125
-76.58	42.94	0	80	0.25
-81	46.5	0	86	0.125
-89.15	42.26	0	48	0.25
-80.02	48.17	0	168	0.125
-80.92	41.17	0	50	0.125
-80.54	41.96	0	55	0.125
-80.28	41.89	0	45	0.125
-80.13	41.91	0	65	0.125
-89.33	43.78	1.5	65	0.25
-95.9	50.3	0	34	0.125
-95.9	50.3	0	31	0.25
-77.52	41.21	0	70	0.4
-98.947	73.858	0	67	0.25
-98	77.5	0	46	0.125
-104	76.5	0	59	0.125
-102	76.5	0	153	0.125
-98.5	72.3	0	46	0.125
-102.32	49.49	0	6	0.125
-110.65	44.47	0.5	160	0.4
-107.8	77.5	0	73	0.125
-104	78.5	0	58	0.125
-119.72	46.56	0	8	0.25
-119.75	46.58	0	177	0.25
-119.58	46.492	0	23	0.125
-132.73	70.151	0	28	0.25
-132.84	69.883	0	36	0.25
-133.5	70.464	0	58	0.25
-133.87	69.829	0	55	0.25
-133.97	70.73	0	78	0.25
-134.31	70.017	0	70	0.4
-135.93	69.551	0	65	0.125
-139.74	69.756	0	75	0.25
-136.34	69.903	0	60	0.125
-136.3	69.278	0	76	0.125
-135.02	69.26	0	66	0.25
-135.31	68.669	0	54	0.25
-135.55	68.371	0	42	0.25
-114.95	51.83	0	46	0.25
-115.69	53.3	0	36	0.25
-115.18	53.6	0	34	0.125
-115.33	55.99	0	8	0.25
-119.15	58.46	0	160	0.125
-119.46	58.55	0	137	0.125
-119.4	59.3	0	50	0.125
-114.83	54.987	0	37	0.125
-118.83	54.987	0	33	0.125
-112.2	49.809	0	63	0.125
-113.83	49.971	0	57	0.125
-113.41	50.014	0	39	0.125
-113.49	50.087	0	48	0.125
-115.72	53.336	0	32	0.25
-117.94	53.747	0	43	0.4
-117.26	54.125	0	45	0.4
-119.61	54.976	0	31	0.25
-114.18	52.401	0	42	0.125
-111.79	52.432	0	39	0.125
-111.64	52.519	0	52	0.25
-113.35	52.896	0	59	0.125
-116.04	52.911	0	58	0.25
-120.56	56.528	0	43	0.25
-117.95	54.823	0	45	0.25
-116.23	52.912	0	46	0.25
-117.95	54.823	0	45	0.25
-119.7	57.289	0	61	0.25
-118.61	56.648	0	10	0.125
-119.7	57.289	0	61	0.25
-116.23	52.912	0	44	0.25
-117.95	54.823	0	31	0.25
-118.61	56.648	0	10	0.125
-117.83	55.453	0	25	0.25
-118.68	55.34	0	39	0.25
-115.55	55.012	0	21	0.125
-119.81	56.748	0	47	0.25
-119.81	56.748	0	47	0.25
-119.81	56.748	0	54	0.25
-116.01	56.181	0	45	0.25
-117.8	54.986	0	30	0.25
-116.12	56.279	0	20	0.25
-115.9	56.825	0	29	0.125
-118.91	56.198	0	46	0.25
-115.34	54.821	0	38	0.25
-121.35	58.683	0	68	0.25
-118.68	55.34	0	35	0.125
-118.61	56.648	0	116	0.25
-115.69	53.297	0	48	0.25
-116.66	55.924	0	55	0.25
-115.87	53.091	0	49	0.25
-119.29	54.986	0	32	0.125
-116.23	52.912	0	54	0.125
-117.06	53.455	0	52	0.125
-115.42	56.365	0	37	0.25
-118.73	57.354	0	59	0.25
-121.03	59.703	0	68	0.125
-115.27	53.385	0	59	0.125
-116.91	55.485	0	13	0.25
-112.89	52.075	0	65	0.125
-115.18	53.595	0	31	0.125
-115.55	55.012	0	14	0.125
-119.22	54.994	0	43	0.125
-114.32	52.285	0	54	0.125
-117.84	55.816	0	40	0.125
-112.89	52.075	0	67	0.125
-119.7	57.289	0	43	0.125
-118.68	55.34	0	54	0.125
-117.26	54.126	0	50	0.125
-116.12	56.279	0	38	0.125
-117.95	54.823	0	40	0.125
-117.75	55.718	0	19	0.125
-118.61	56.648	0	18	0.125
-116.46	52.995	0	53	0.4
-115.87	53.09	0	41	0.25
-112	50.28	0	73	0.25
-114.6	51.54	0	57	0.4
-114.86	51.986	0	59	0.25
-114.87	52.1	0	63	0.25
-115.27	53.385	0	58	0.125
-115.13	53.481	0	47	0.4
-117.07	53.46	0	52	0.25
-116.09	54.18	0	64	0.25
-115.95	53.86	0	46	0.25
-116.54	54.07	0	49	0.25
-121.48	55.896	0	34	0.4
-116.88	54.383	0	57	0.25
-115.34	54.82	0	37	0.25
-119.22	54.994	0	42	0.25
-114.32	52.29	0	52	0.25
-119.73	56.13	0	27	0.125
-115.38	56.03	0	33	0.4
-118.93	56.2	0	25	0.25
-118.14	56.44	0	26	0.125
-115.08	56.66	0	44	0.125
-119.29	58.5	0	53	0.125
-119.57	58.77	0	61	0.25
-118.47	59.02	0	88	0.125
-112.97	52.998	0	49	0.25
-118.96	59.12	0	50	0.125
-115.81	52.72	0	54	0.25
-116.23	52.912	0	45	0.4
-112.89	52.076	0	62	0.125
-115.55	55.012	0	30	0.125
-111.16	54.42	0	34	0.125
-115.3	52.235	0	53	0.125
-120.33	56.224	0	40	0.125
-119.4	59.302	0	45	0.125
-110.99	56.213	0	60	0.125
-114.55	53.187	0	34	0.125
-114.16	50.596	0	47	0.25
-115.28	53.387	0	45	0.125
-115.59	52.47	0	42	0.125
-114.2	52.252	0	47	0.25
-119.57	55.136	0	44	0.25
-118.17	55.56	0	25	0.25
-118.75	56.14	0	20	0.25
-121.65	56.8	0	36	0.25
-119.3	59.24	0	51	0.25
-119.2	59.29	0	63	0.125
-114.64	51.5	0	55	0.4
-116.16	53.33	0	43	0.4
-121.36	61.025	1.5	95	0.125
-58.357	44.445	0	60	0.25
-58.032	44.377	0.5	42	0.4
-58.878	44.19	0	39	0.25
-60.409	44.108	0	66	0.25
-58.373	43.849	0	38	0.125
-59.714	43.662	0	51	0.25
-60.107	43.627	0	45	0.25
-60.148	43.622	0	63	0.25
-60.666	43.605	0	45	0.25
-60.643	43.517	0	48	0.4
-61.479	42.708	0	130	0.25
-63.559	42.641	0	43	0.25
-60.08	45.43	0	149	0.25
-58.541	45.485	0	11	0.125
-62.805	43.643	0	39	0.25
-64.229	42.894	0	41	0.25
-58.189	44.792	0	53	0.125
-57.346	44.736	0	46	0.25
-57.876	44.695	0	47	0.125
-58.92	44.67	0	38	0.25
-59.472	44.636	0	30	0.125
-58.662	44.606	0	61	0.125
-58.537	44.586	0	53	0.4
-60.069	44.162	0	39	0.25
-59.626	44.145	0	28	0.25
-59.358	44.106	0	48	0.125
-59.574	44.037	0	29	0.25
-59.534	44.037	0	26	0.125
-59.61	44.034	0	26	0.125
-60.111	43.965	0	57	0.4
-60.127	43.958	0	63	0.25
-60.5	43.944	0	18	0.125
-60.205	43.9	0	34	0.125
-60.227	43.895	0	42	0.125
-60.621	43.852	0	31	0.25
-59.569	43.835	0	48	0.25
-60.234	43.752	0	27	0.25
-60.193	43.739	0	78	0.125
-60.089	43.72	0	40	0.25
-60.832	43.691	0	23	0.4
-62.481	42.994	0	74	0.25
-61.917	42.862	0	45	0.25
-74.028	41.104	0	79	0.4
-74.028	41.104	0	47	0.4
-74.028	41.104	0	25	0.25
-90.5	28.6	0	90	0.125
-92.75	29.25	0	100	0.25
-123.11	48.638	0	117	0.4
-123.69	49.782	0	165	0.25
-123.05	48.933	0	0	0.25
-123.53	48.504	0	137	0.25
-122.94	48.169	0	151	0.25
-126.94	49.585	0	7	0.25
-122.07	48.748	0	159	0.25
-123.72	49.271	0	178	0.25
-122.92	59.702	1.5	147	0.125
-123.06	59.652	1.5	32	0.25
-121.28	58.827	1.5	62	0.25
-122.1	59.856	1.5	48	0.125
-124.3	59.965	1.5	22	0.125
-124.57	59.765	0	73	0.25
-124.83	59.215	1.5	84	0.125
-121.98	59.223	1.5	72	0.125
-123.2	59.406	0	98	0.125
-123.14	59.498	1.5	176	0.125
-118.7	39.42	0	7	0.4
-118.7	39.42	0	176	0.25
-122.25	61.191	0	77	0.25
-122.61	60.88	0	74	0.125
-120.22	58.248	0	159	0.125
-121.12	58.64	0	146	0.4
-123.05	58.91	1.5	82	0.125
-123.82	60.398	1.5	155	0.125
-123.87	60.455	1.5	44	0.25
-117.84	36.038	1.5	179	0.125
-117.74	35.999	1.5	22	0.125
-117.81	36.039	1.5	179	0.25
-117.81	36.038	1.5	178	0.125
-117.81	36.038	1.5	10	0.125
-117.81	36.038	1.5	7	0.25
-117.81	36.038	1.5	9	0.25
-117.74	35.999	1.5	24	0.25
-97.28	33.27	0.5	30	0.125
-97.4	33	1.5	20	0.25
-101.19	31.14	1	89	0.25
-122.8	38.817	0.5	21	0.4
-96.87	36.85	0	91	0.25
-98.2	34.68	0	56	0.4
-97.01	36.34	0	81	0.125
-97.02	36.03	0	76	0.4
-97.28	36.46	0	82	0.4
-97.34	36.1	0	81	0.125
-97.66	36.97	0	73	0.4
-96.43	34.96	0	88	0.125
-97.04	36.2	0	79	0.125
-98.68	36.9	0	80	0.125
-97.13	35.65	0	88	0.25
-97.33	36.06	0	82	0.25
-97.68	36.91	0	69	0.4
-98.07	34.48	0	86	0.125
-97.66	36.83	0	68	0.4
-97.41	36.12	0	86	0.4
-97.71	36.77	0	79	0.25
-97.42	36.08	0	83	0.25
-97.61	36.82	0	70	0.125
-97.59	36.2	0	79	0.125
-97	33.95	0	22	0.125
-96.74	34.1	0	72	0.25
-97.77	36.83	0	79	0.4
-97	36.07	0	73	0.4
-97.15	35.04	0	85	0.25
-97.77	36.74	0	70	0.25
-97.58	36.28	0	85	0.125
-97.64	36.66	0	59	0.4
-96.94	35.57	0	80	0.4
-96.24	34.35	0	75	0.4
-97.39	35.79	0	86	0.25
-97.52	36.07	0	86	0.25
-98.07	34.48	0	76	0.25
-96.36	34.65	0	100	0.25
-98	34.4	0	82	0.25
-97	33.95	0	34	0.125
-97.15	34.29	0	72	0.25
-99.12	36.82	0	75	0.125
-97.68	35.67	0	80	0.125
-96.19	34.73	0	85	0.25
-98.06	34.56	0	63	0.125
-95.92	34.07	0	75	0.25
-96.2	34.68	0	88	0.125
-99.76	35.72	0	100	0.125
-96.26	34.79	0	90	0.125
-96.68	34.1	0	60	0.25
-95.98	34.39	0	76	0.4
-96.91	34.25	0	89	0.125
-100.17	36.01	0	88	0.25
-99.28	35.91	0	83	0.4
-96.18	34.4	0	69	0.25
-99.86	36.13	0	90	0.25
-97.92	35.68	0	85	0.25
-96.89	34.23	0	83	0.25
-98.18	35.96	0	90	0.4
-100.11	36.16	0	96	0.4
-96.1	34.65	0	90	0.25
-98	34.57	0	65	0.4
-98	34.57	0	65	0.25
-97.78	36.23	0	89	0.4
-99.21	35.63	0	95	0.125
-98.36	35.14	0	71	0.4
-97.99	34.95	0	65	0.4
-99.5	35.78	0	63	0.125
-98.75	35.93	0	81	0.125
-99.17	35.41	0	90	0.125
-99.25	35.8	0	85	0.125
-98.78	35.91	0	81	0.125
-98.13	35.57	0	74	0.125
-96.17	34.49	0	88	0.25
-98.3	35.67	0	86	0.125
-97.84	34.8	0	65	0.25
-99.77	35.63	0	80	0.25
-99.97	35.42	0	75	0.125
-99.99	35.41	0	85	0.125
-98.48	35.49	0	86	0.125
-95.19	34.68	0	72	0.125
-98.9	35.16	0	70	0.25
-86.885	38.669	0	125	0.15
-85.172	40.24	0	75	0.15
-85.475	40.1	0	80	0.15
-89.662	38.496	0	73	0.15
-89.227	38.003	0	35	0.15
-88.993	38.04	0	102	0.15
-87.756	38.635	0	88	0.15
-87.863	38.996	0	72	0.15
-89.247	38.133	0	76	0.15
-89.433	39.153	0	62	0.15
-88.331	41.861	0	60	0.15
-89.509	39.515	0	73	0.15
-87.854	41.77	0	72	0.15
-87.806	38.404	0	101	0.15
-87.872	38.346	0	85	0.15
-88.551	37.891	0	78	0.15
-89.885	39.189	0	57	0.15
-88.817	37.918	0	76	0.15
-88.941	37.984	0	112	0.15
-88.889	39.134	0	70	0.15
-87.869	41.835	0	75	0.15
