-115.2	48	1.55	180.58	0.3
-119.81	56.08	2.5	195.49	0.3
-135.83	66.93	1.45	220	0.3
-142.11	66.5	1.45	207.51	0.3
-129.26	64.93	2.5	203.47	0.3
-142.23	66.41	1.55	178.55	0.3
-142.49	66.26	1.45	188.29	0.3
-142.14	66.27	1.45	191.83	0.3
-142.25	66.3	1.45	181.83	0.3
-142.44	66.43	1.55	183.17	0.3
-136.87	59.37	2	223.07	0.3
-134.44	58.81	2.5	128.85	0.3
-144.68	69.73	1.55	154.94	0.3
-144.79	69.65	1.5	160	0.3
-142.3	66.27	1.45	189.78	0.3
-135.43	66.32	1.55	201.69	0.3
-142.17	66.05	1.5	193.22	0.3
-135.45	66.19	1	174.1	0.3
-142.29	66.38	1.45	212.93	0.3
-142.55	66.32	1.55	184.22	0.3
-136.28	67.93	1.55	203.55	0.3
-137.05	62.43	2.5	195.79	0.3
-146.66	69.82	1.55	139.14	0.3
-141.99	66.51	1.45	180.11	0.3
-133.94	65.21	1.5	169.89	0.3
-137.46	58.69	2.5	196.48	0.3
-123.73	63.6	2.5	245.67	0.3
-149.52	64.59	2.5	152.23	0.3
-142.85	66.06	1	179.41	0.3
-137.73	58.78	2.5	226.45	0.3
-137.41	58.76	2.5	233.68	0.3
-141.52	61.45	2	175.59	0.3
-129.16	63.6	1.55	201.71	0.3
-150.07	63.41	2.5	150	0.3
-148.76	63.83	2.5	163.76	0.3
-143.62	60.7	0.5	121.86	0.3
-157.76	66.38	1.45	124.87	0.3
-157.96	66.46	1.55	113.94	0.3
-142.58	61.61	2.5	162.48	0.3
-156.62	66.34	1.45	127.51	0.3
-144.78	69.1	1.55	167.01	0.3
-138.11	60.91	2.5	201.33	0.3
-150.86	63.61	2	148.07	0.3
-143.68	62.93	1.55	225.71	0.3
-138.41	61.01	2.5	206.52	0.3
-138.54	61	2.5	184.9	0.3
-151.72	63.45	2.5	124.61	0.3
-137.59	58.75	2.5	221.2	0.3
-135.16	66.32	2.5	120.14	0.3
-112.34	48.52	2.5	246.15	0.3
-136.72	58.97	2.5	94.896	0.3
-151.84	66	1.45	177.23	0.3
-148.33	63.48	2.5	127.84	0.3
-145.14	63.35	2.5	190.81	0.3
-131.51	52.08	1.55	221.74	0.3
-142.35	66.84	1.55	154.89	0.3
-113.17	47.43	0.5	177.26	0.3
-113.17	47.43	0.5	159.79	0.3
-142.28	66.2	1.45	200.24	0.3
-150.35	65.94	1.45	156.45	0.3
-150.47	61.85	2.5	135.79	0.3
-133.77	65.03	1.55	189.93	0.3
-149.22	61.86	1.55	87.944	0.3
-125.82	62.86	1	217.12	0.3
-145.1	63.36	2.5	199.9	0.3
-125.53	62.65	1.45	225.92	0.3
-140.62	60.38	1.45	122.32	0.3
-146.22	69.19	1.55	144.22	0.3
-135.16	59.36	2.5	94.162	0.3
-135	65.39	1.45	184.78	0.3
-150.18	62.25	2	120.59	0.3
-151.47	63.33	1.55	129.08	0.3
-133.56	65.2	2.5	188.48	0.3
-135.02	59.35	2.5	90	0.3
-150.81	63.52	1.45	140.44	0.3
-140.52	61.61	1.45	216.78	0.3
-147.46	64.03	2.5	206.13	0.3
-130.39	63.88	1.45	195.44	0.3
-166.89	65.37	0.5	110.23	0.3
-151.24	63.48	2.5	150.79	0.3
-124	62.16	2.5	244.16	0.3
-141.26	62.13	1.55	194.11	0.3
-122.4	49.54	1.45	161.17	0.3
-138.12	59.13	1.55	222.94	0.3
-152.52	63.29	2.5	121.33	0.3
-126.31	63.45	2.5	230	0.3
-151.94	61.49	2.5	159.21	0.3
-119.62	48.48	2.5	192.52	0.3
-139.94	60.15	2	127.29	0.3
-150.99	61.98	2.5	103.55	0.3
-145.69	62.26	2.5	217.51	0.3
-138.14	59.1	2	238.04	0.3
-147.38	63.61	2.5	151.73	0.3
-128.72	64.32	2.5	231.45	0.3
-152.67	62.4	2.5	108.71	0.3
-113.14	47.35	0.5	182.02	0.3
-150.1	66.01	1.45	179.78	0.3
-145.18	63.34	2.5	189.7	0.3
-148.42	63.93	2.5	163.68	0.3
-147.75	63.57	2.5	159.16	0.3
-147.8	65.98	1.55	133.89	0.3
-135.98	66.88	1.55	231.57	0.3
-148.38	63.78	2.5	167.59	0.3
-136.41	68.14	0.5	207.24	0.3
-150.81	63.58	1.55	150.3	0.3
-141.09	61.65	1.55	150	0.3
-151.34	63.3	1.55	155.58	0.3
-144.52	65.52	1.45	160	0.3
-154.12	59.28	1.45	176.83	0.3
-149	66.24	0.5	166.88	0.3
-151.25	63.46	2.5	143.89	0.3
-134.94	65.57	1	214.06	0.3
-149.52	66.28	1.55	155.8	0.3
-120.7	56	2.5	216.95	0.3
-149.68	64.66	1.55	160.8	0.3
-145.72	62.24	2.5	226.32	0.3
-120.69	47.82	2	186.22	0.3
-152.03	62.58	2.5	245.71	0.3
-145.75	62.25	2	217.31	0.3
-124.23	62.08	2.5	235.79	0.3
-141.12	61.58	2.5	189.43	0.3
-141.1	61.58	2.5	195.86	0.3
-144.48	69.14	1.45	152.93	0.3
-145.03	69.15	1.55	149.11	0.3
-148.71	62.92	2.5	122.75	0.3
-141.09	67.75	1.45	169.49	0.3
-122.73	47.36	2	227.29	0.3
-140.85	61.72	2.5	182.15	0.3
-144.53	69.2	1.45	164.78	0.3
-144.41	69.19	1.45	175.11	0.3
-152.87	59.77	1.45	244.09	0.3
-137.2	58.49	0.5	105.03	0.3
-138.99	65.06	1.45	200.44	0.3
-139.03	59.48	0.5	121.9	0.3
-151.52	63.16	2.5	108.15	0.3
-141.68	60.24	2.5	179.9	0.3
-152.74	64.46	1.55	158.55	0.3
-146.99	67.57	1.45	176.78	0.3
-138.27	60.96	2.5	204.5	0.3
-149.84	66.27	1.55	163.89	0.3
-124.49	62.31	2.5	230.67	0.3
-144.97	63.41	2.5	200.81	0.3
-136.52	59.71	1.55	216.71	0.3
-136.66	59	2.5	239.19	0.3
-140.25	61.16	1.55	200.58	0.3
-140.25	61.15	1.55	201.98	0.3
-140.67	61.51	2	215.64	0.3
-148.13	63.5	2.5	172.02	0.3
-148.56	63.49	2.5	145.81	0.3
-140.16	61.17	1.55	204.22	0.3
-127.71	62.56	1.45	200.05	0.3
-127.8	62.55	1.45	211.18	0.3
-140.55	60.22	1.45	147.81	0.3
-140.44	60.3	1.55	130.58	0.3
-137.13	58.36	1.55	183.17	0.3
-144.82	65.65	1.45	155.11	0.3
-137.16	58.27	1.55	189.89	0.3
-122.76	47.46	2	198.4	0.3
-115.17	52.17	1.45	230.05	0.3
-152.5	64.56	1.55	159.93	0.3
-122.66	65.64	1.5	215	0.3
-148.98	65.16	1.45	161.83	0.3
-148.98	65.14	1.45	166.83	0.3
-149.05	65.15	1.45	158.74	0.3
-149.29	65.2	1.45	156.67	0.3
-152.08	62.59	2.5	224.13	0.3
-123.01	47.57	1.55	180.8	0.3
-149	65.15	1.45	156.14	0.3
-149.02	65.15	1.45	158.31	0.3
-149.05	65.17	1.45	151.45	0.3
-136.23	59.16	2.5	221.9	0.3
-136.25	59.16	1.55	228.17	0.3
-140.68	61.52	1.45	198.6	0.3
-147.04	61.24	2.5	182.66	0.3
-114.3	48.46	1.55	173.89	0.3
-150.58	62.19	1.55	122.65	0.3
-120.72	47.25	2	162.29	0.3
-136.91	58.35	1.55	161.4	0.3
-148.79	63.47	2.5	135.49	0.3
-157.04	57.98	1.45	138.6	0.3
-151.03	63.34	1.55	123.82	0.3
-145.25	67.84	1.55	161.71	0.3
-150.51	61.96	2.5	77.151	0.3
-136.43	59.46	2.5	223.48	0.3
-116.63	54.23	1.55	222.78	0.3
-141.64	66.08	1.55	153.94	0.3
-144.52	67.23	1.55	181.4	0.3
-138.96	59.52	2.5	228.62	0.3
-150.4	63.86	1.55	149.89	0.3
-141.51	66.12	1.55	161.69	0.3
-151.37	63.29	2.5	140.71	0.3
-151.34	63.3	1.55	160.23	0.3
-117.34	54.43	1.55	227.94	0.3
-149.27	64.68	1.5	164.56	0.3
-153.27	66.42	1.45	131.83	0.3
-150.67	62.13	1.55	107.94	0.3
-133.9	65.45	2.5	184.21	0.3
-144.7	69.26	1.45	123.29	0.3
-143.81	65.65	1.55	149.93	0.3
-158.21	68.04	1.45	124.48	0.3
-147.87	63.62	1	184.96	0.3
-162.83	67.64	1.55	120.58	0.3
-151.44	63.15	2.5	97.48	0.3
-148.19	61.73	0.5	160.16	0.3
-151.58	63.04	2.5	120.79	0.3
-151.6	63.04	2	125.64	0.3
-145.26	65.75	1.45	165.07	0.3
-151.09	65.27	1.45	131.87	0.3
-144.77	69.59	1.45	134.09	0.3
-147.26	68.52	1.55	153.55	0.3
-146.81	68.57	1.55	150.13	0.3
-139.24	61.23	2.5	193.66	0.3
-139.6	60.12	2.5	147.08	0.3
-133.48	62.3	1.45	185.05	0.3
-148	63.56	2.5	155	0.3
-151.55	63.05	2	125.1	0.3
-137.38	59	2.5	205.71	0.3
-150.75	63.57	2.5	150.79	0.3
-119.25	49.17	2	163.89	0.3
-158.35	62.3	1	108.78	0.3
-132.85	64.67	1.55	194.93	0.3
-151.83	63.3	2	153.4	0.3
-150.08	64.18	1.45	157.99	0.3
-148.21	61.72	0.5	156.83	0.3
-137.6	59.63	2.5	232.79	0.3
-150.86	61.95	2.5	80.787	0.3
-150.05	64.2	1.45	163.74	0.3
-157.85	67.02	1.45	137.06	0.3
-141.15	60.13	1.55	134.89	0.3
-142.75	62.52	1.45	185.11	0.3
-124.3	50.87	1.45	146.83	0.3
-123.05	47.49	2	186.22	0.3
-149.34	61.94	1.55	96.739	0.3
-151.15	63.13	2	202.05	0.3
-136.69	59.84	2	225.59	0.3
-136.7	59.74	1.5	227.19	0.3
-151.13	63.15	1	106.55	0.3
-136.5	59.72	1.55	226.32	0.3
-136.75	59.89	1.55	221.71	0.3
-136.65	59.83	2	223.07	0.3
-134.13	65	2.5	199.7	0.3
-134.13	65	2.5	199.7	0.3
-136.51	59.76	1.55	79.675	0.3
-151.53	61.81	2	233.12	0.3
-166.72	65.5	1.45	100.05	0.3
-166.79	65.43	1.45	95.061	0.3
-136.32	59.14	2.5	212.32	0.3
-148.89	64.76	1	189.4	0.3
-138.29	61.02	2.5	178.71	0.3
-136.72	59.85	2.5	219.05	0.3
-150.24	62.1	2.5	91.454	0.3
-140.55	60.25	1	144.82	0.3
-136.39	58.99	2.5	102.75	0.3
-136.75	59.9	2.5	229.21	0.3
-148.84	62.78	2.5	126.05	0.3
-151.46	63.13	2.5	109.9	0.3
-141	61.56	2.5	179.02	0.3
-144	67.4	1.55	167.94	0.3
-140.09	61.39	2.5	179.18	0.3
-148.62	64.86	0.5	170.7	0.3
-157.9	57.02	1.5	245	0.3
-143.1	67.15	1.55	184.93	0.3
-156.05	63.01	2	135.64	0.3
-136.62	59.86	2.5	245	0.3
-134.05	65.5	2	199.41	0.3
-143.15	60.23	1.55	143.32	0.3
-149.02	63.8	1.55	173.59	0.3
-136.7	59.78	2.5	230	0.3
-136.69	59.76	2.5	225.79	0.3
-148.17	61.73	0.5	153.12	0.3
-139.83	61.17	1.45	209.42	0.3
-151.43	63.65	2.5	152.23	0.3
-137.82	60.4	1.5	204.01	0.3
-138.28	60.88	2.5	210.14	0.3
-138.25	60.87	2.5	208.76	0.3
-146.37	67.44	1.55	157.2	0.3
-146.43	67.41	1.55	158.77	0.3
-140.47	61.18	1.45	206.83	0.3
-157.52	66.35	1.45	115.05	0.3
-149.07	62.77	2.5	139.92	0.3
-140.48	61.19	1.45	204.87	0.3
-147.06	61.23	2.5	176.14	0.3
-151.6	63.09	2.5	120	0.3
-151.54	68.03	1.45	126.06	0.3
-147.82	65.78	1.45	139.49	0.3
-146.95	67.45	1.55	159.89	0.3
-145.25	69.62	1.55	150.23	0.3
-144.96	69.6	1.45	138.02	0.3
-144.51	69.6	1.45	140.11	0.3
-144.84	69.67	1.55	162.68	0.3
-144.76	69.61	2.5	181.14	0.3
-144.75	69.56	1.55	146.71	0.3
-144.73	69.61	1.55	148.17	0.3
-144.27	69.66	1.55	144.89	0.3
-144.33	69.55	1.55	150.22	0.3
-144.25	69.46	1.55	158.82	0.3
-144.19	69.62	1.55	170.58	0.3
-144.74	69.52	1.45	156.78	0.3
-144.58	69.6	1.45	151.17	0.3
-144.2	69.63	1.55	166.69	0.3
-144.29	69.64	0.5	124.48	0.3
-144.73	69.62	1.45	148.6	0.3
-144.19	69.61	1.45	160.99	0.3
-145.5	69.72	1.55	160.3	0.3
-144.66	69.57	1.55	145.36	0.3
-144.4	69.49	1.55	149.14	0.3
-144.14	69.68	1.55	148.17	0.3
-144.76	69.55	2	155.94	0.3
-144.21	69.62	1.45	171.06	0.3
-144.72	69.59	1.45	161.78	0.3
-144.24	69.69	0.5	145.57	0.3
-144.22	69.64	1.55	151.71	0.3
-144.21	69.61	1.55	156.69	0.3
-144.28	69.55	1.55	164.11	0.3
-144.2	69.57	1.55	141.71	0.3
-144.82	69.58	1.55	144.22	0.3
-144.46	69.65	1.55	178.89	0.3
-145.28	69.66	1.55	174.22	0.3
-144.3	69.52	1.55	157.68	0.3
-144.28	69.64	1.55	160.22	0.3
-144.09	69.52	1.45	154.42	0.3
-144.88	69.56	1.45	149.87	0.3
-150.5	65.18	1.55	144.89	0.3
-144.26	69.46	1.45	209.87	0.3
-144.97	69.54	1.55	144.14	0.3
-144.25	69.67	1.55	73.589	0.3
-144.4	69.47	1	144.41	0.3
-144.59	69.59	1.45	144.48	0.3
-147.08	69.06	1.55	179.89	0.3
-151.34	65.15	1.45	165.07	0.3
-144.16	69.51	1.45	170.06	0.3
-146.41	69.23	1.45	70.993	0.3
-148.92	64.89	2	211.72	0.3
-165.84	65.26	1.45	110.32	0.3
-144.19	69.62	1.55	160.8	0.3
-144.87	69.59	1.45	148.02	0.3
-156.41	67.77	1	219.73	0.3
-146.08	69.08	1.55	155.58	0.3
-145.01	69.59	1.55	125.13	0.3
-146.35	69.04	1.55	143.82	0.3
-146.38	69.02	1.55	151.98	0.3
-144.1	69.46	1.45	175.06	0.3
-166.87	61.01	1.45	103.31	0.3
-167.24	60.94	1.55	244.79	0.3
-166.81	65.51	0.5	94.295	0.3
-151.66	65.22	1.55	130	0.3
-166.53	68.08	2	115.4	0.3
-150.96	64.79	1.45	173.29	0.3
-150.87	64.78	1.55	169.22	0.3
-167.03	65.62	1	109.41	0.3
-167.08	65.49	1	98.776	0.3
-144.39	69.7	1.45	151.78	0.3
-166.73	65.58	0.5	97.561	0.3
-120.52	56.17	2.5	213.36	0.3
-144.92	69.58	1.45	135.24	0.3
-144.74	69.67	1.55	140.8	0.3
-144.97	69.58	1.55	144.93	0.3
-153.35	65.39	1.55	155.13	0.3
-144.59	69.2	1.45	131.14	0.3
-144.63	69.14	1.55	139.22	0.3
-144.56	69.21	1.5	139.01	0.3
-145	69.62	1.45	230	0.3
-145.05	69.78	1.55	142.07	0.3
-144.17	69.51	1.55	154.22	0.3
-157.25	66.31	1.55	125.23	0.3
-166.77	65.56	1	191.73	0.3
-144.13	69.53	1.45	171.83	0.3
-166.78	65.49	0.5	105.65	0.3
-153.3	65.38	1	74.728	0.3
-156.98	66.29	1.45	130.21	0.3
-157.25	66.27	1.55	125.23	0.3
-114.07	52.22	1.5	243.22	0.3
-157.19	66.31	1.55	129.89	0.3
-134.92	55.27	2.5	234.21	0.3
-144.97	63.28	2.5	219.19	0.3
-145.53	69.62	1.45	159.49	0.3
-115.14	52.62	2.5	238.85	0.3
-157.27	66.31	1.45	130.44	0.3
-144.5	69.53	1.55	134.22	0.3
-157.37	66.33	1.55	124.89	0.3
-144.16	69.55	1.55	146.32	0.3
-154.16	62.05	2	115.59	0.3
-130.44	66.69	2.5	156.73	0.3
-156.94	66.31	1.55	125.8	0.3
-156.92	66.31	1.45	110.11	0.3
-157.3	66.3	1.45	130.21	0.3
-157.01	66.33	1.45	124.42	0.3
-144.46	69.66	1.45	130.32	0.3
-156.92	66.31	1.45	110.11	0.3
-157.6	66.38	1.55	113.55	0.3
-157.2	66.26	1.55	125.23	0.3
-157.58	66.34	1.55	122.65	0.3
-151.23	63.29	2.5	115.71	0.3
-153.35	65.4	1.55	160.58	0.3
-157.03	66.28	1	124.82	0.3
-149.26	64.71	1.45	159.7	0.3
-157.24	66.31	1.45	126.06	0.3
-157.35	66.28	1	124.1	0.3
-157.54	66.34	0.5	113.12	0.3
-156.94	66.3	1.55	130.8	0.3
-157.59	66.35	1.55	123.77	0.3
-156.59	66.3	1.55	113.32	0.3
-154.07	67.26	1.55	155	0.3
-156.35	67.35	0.5	146.58	0.3
-157.19	66.24	1.45	121.78	0.3
-157.24	66.3	1	123.39	0.3
-141.89	66.15	1.55	174.89	0.3
-144.59	69.52	1.45	163.74	0.3
-157.2	66.29	1.45	123.68	0.3
-157.28	66.32	1	119.41	0.3
-150.49	62.25	2.5	120.45	0.3
-149.76	64.21	1.45	92.662	0.3
-144.21	69.64	1.45	158.6	0.3
-157.19	66.28	1.55	125.22	0.3
-166.37	65.84	0.5	95.738	0.3
-144.75	69.19	1.45	134.48	0.3
-144.69	69.1	1.55	149.68	0.3
-134.54	55.23	1.55	187.07	0.3
-144.64	69.11	1.55	133.89	0.3
-122.01	47.87	2.5	157.08	0.3
-144.72	69.31	1.45	148.02	0.3
-144.73	69.27	1.45	130.99	0.3
-157.44	66.35	1.45	122.51	0.3
-157.32	66.31	1.5	155	0.3
-145.01	69.66	1.45	155.92	0.3
-137	59.08	2	233.07	0.3
-136.96	59.08	2.5	233.55	0.3
-146.25	68.83	1.55	157.07	0.3
-147.77	68.98	1.55	171.26	0.3
-152.36	64.59	1.55	153.17	0.3
-140.59	60.07	2.5	159.13	0.3
-140.66	60.02	2.5	172.51	0.3
-136.29	59.13	1.55	243.13	0.3
-147.17	69.1	1.55	124.94	0.3
-136.89	59.08	2.5	244.36	0.3
-149.29	63.77	1.55	149.11	0.3
-125.47	60.91	2	223.17	0.3
-143.61	62.9	1.55	208.77	0.3
-157.27	66.29	1.45	121.14	0.3
-157.3	66.32	1	116.93	0.3
-157.47	66.37	1.45	109.7	0.3
-157.23	66.27	1	114.36	0.3
-165.18	65.58	1.55	104.93	0.3
-144.32	69.48	1	159.51	0.3
-165.24	65.6	1.45	92.99	0.3
-165.22	65.6	1.45	98.261	0.3
-165.33	65.67	1.55	109.95	0.3
-154.29	67.06	1.55	160.91	0.3
-151.43	64.72	1.45	151.83	0.3
-157.17	66.3	1	119.1	0.3
-156.99	66.34	1.45	77.319	0.3
-138.83	64.64	1.55	182.77	0.3
-156.93	66.3	0.5	141.29	0.3
-147.98	68.58	1.55	175.8	0.3
-144.75	69.62	2	148.89	0.3
-157.27	66.34	1	107.17	0.3
-137.67	58.56	2	227.29	0.3
-150.87	65.8	1.55	153.77	0.3
-143.11	65.62	1.55	166.32	0.3
-137.73	58.47	1.55	225.8	0.3
-144.71	69.61	2.5	194.7	0.3
-139.11	60.03	2.5	203.47	0.3
-151.59	63.23	2.5	120.81	0.3
-151.47	63.21	2.5	129.19	0.3
-147.94	61.64	1.45	200.05	0.3
-148.5	64.73	1.45	190.76	0.3
-136.06	59.81	1.55	246.69	0.3
-161.21	67.97	0.5	129.3	0.3
-141.4	60.36	1	210	0.3
-125.22	48.49	1.45	211.87	0.3
-166.17	65.92	0.5	108.46	0.3
-166.09	66	1	98.39	0.3
-166.31	66.02	0.5	102.24	0.3
-150.02	65.41	1.55	144.14	0.3
-147.32	67.3	1	166.93	0.3
-129.6	60.65	2	210.6	0.3
-149.08	64.96	0.5	135.89	0.3
-157.21	66.31	1.45	132.51	0.3
-135.17	55.48	1.45	195.99	0.3
-144.19	69.55	1.55	150.58	0.3
-144.24	69.56	1.55	175.58	0.3
-138.78	64.61	2	188.07	0.3
-144.1	69.47	1.55	160.8	0.3
-144.09	69.54	1.45	170.99	0.3
-147.25	66.8	1.55	162.01	0.3
-149	64.78	0.5	183.29	0.3
-153.83	66.74	1.45	128.6	0.3
-156.96	66.31	2.5	109.61	0.3
-135.31	66.11	2.5	144.61	0.3
-143.94	69.36	1.45	176.45	0.3
-150.85	64.7	1	151.86	0.3
-154.93	62.14	1.55	185	0.3
-139.47	59.63	1	215.73	0.3
-124.47	62.24	2.5	238.44	0.3
-155.31	63.34	1.55	103.94	0.3
-151.51	64.11	1.55	145.8	0.3
-144.28	69.67	1.55	158.17	0.3
-143.08	60.66	1.55	124.89	0.3
-142.8	60.52	1.45	128.31	0.3
-163.04	65.33	1.45	106.83	0.3
-124.43	62.24	2.5	236.52	0.3
-163.05	65.33	1.45	118.02	0.3
-156.31	67.36	0.5	126.86	0.3
-148.87	64.03	2.5	165.14	0.3
-157.66	66.98	1.45	143.29	0.3
-148.85	63.46	2.5	135	0.3
-149.34	64.55	1.45	165.86	0.3
-163.51	67.22	0.5	79.886	0.3
-124.41	62.22	2.5	238.76	0.3
-163.96	66.19	1.45	111.78	0.3
-124.42	62.25	2.5	227.75	0.3
-124.43	62.25	2.5	242.48	0.3
-137.44	58.68	2.5	234.13	0.3
-143.41	63.23	2.5	196.2	0.3
-156.92	66.31	1.55	129.94	0.3
-144.94	68.14	1	149.36	0.3
-138.93	59.72	2.5	190	0.3
-138.91	59.74	2.5	201.34	0.3
-136.03	56.55	1.45	194.78	0.3
-160.27	54.84	2.5	138.68	0.3
-135.7	66.34	1.45	215.44	0.3
-133.73	64.86	2.5	172.03	0.3
-148.95	63.98	2.5	149.55	0.3
-138.31	59.34	1.55	173.55	0.3
-146.34	61.24	2.5	173.15	0.3
-143.51	63.19	1.45	233.6	0.3
-152.4	64.83	1	146.93	0.3
-140.53	61.51	2.5	196.08	0.3
-135.78	66.73	2	208.9	0.3
-135.78	66.73	2	208.9	0.3
-149.78	64	2.5	147.52	0.3
-148.63	68.6	1.45	180.99	0.3
-136.26	59.16	2.5	239.92	0.3
-150.5	62.23	1.55	119.79	0.3
-146.85	64.46	1.55	198.89	0.3
-149.78	62.7	2.5	128.48	0.3
-143.59	62.89	1.55	204.79	0.3
-154.22	65.18	1.45	160.07	0.3
-150.71	63.58	2.5	145	0.3
-163.65	64.54	1.45	109.48	0.3
-141.15	61.59	2.5	199.39	0.3
-141.24	61.56	2	105.1	0.3
-140.05	60.06	2.5	135.81	0.3
-146.74	64.44	1.55	196.69	0.3
-145.71	62.21	2	229.95	0.3
-157.08	66.34	1.45	123.74	0.3
-141.58	62.24	2	170.6	0.3
-115.29	52.55	2.5	233.55	0.3
-115.29	52.55	2.5	233.55	0.3
-134.63	65.21	2.5	180.14	0.3
-147.43	64.45	1.55	180.22	0.3
-156.14	67.33	0.5	139.96	0.3
-151.52	63.05	2.5	112.23	0.3
-146.48	66.96	2	175.59	0.3
-146.59	66.96	2	163.45	0.3
-121.75	56.6	2.5	224.67	0.3
-123.35	48.9	2	183.04	0.3
-139.49	60.04	2	145.64	0.3
-136.32	57.38	1.45	197.81	0.3
-154.64	59.28	1.45	171.78	0.3
-138.99	67.36	1.45	225.99	0.3
-145.04	69.58	1.55	148.33	0.3
-140.59	60.06	2	163.17	0.3
-149.78	64.35	2	180.64	0.3
-122.31	48.42	2.5	177.76	0.3
-140.56	60.1	1	147.71	0.3
-121.87	48.3	2.5	150	0.3
-152.48	64.54	1.5	139.56	0.3
-161.31	54.35	2.5	143.68	0.3
-165.19	65.72	1.45	115.21	0.3
-165.19	65.72	1.45	115.21	0.3
-138.08	59.84	2.5	227.88	0.3
-165.35	64.62	0.5	103.83	0.3
-122.75	47.84	2.5	168.76	0.3
-149.19	64.75	1.45	155.99	0.3
-148.51	64.17	1.55	155.22	0.3
-149.23	64.76	1.45	150.92	0.3
-141.19	60.22	2.5	155.71	0.3
-152.75	60.47	1.45	96.675	0.3
-134.95	64.56	2.5	179.16	0.3
-139.59	61.28	2.5	211.14	0.3
-130.69	54.92	1.55	209.93	0.3
-114.13	47.28	2	170.1	0.3
-147.97	63.64	2.5	137.28	0.3
-147.3	64.48	1.45	161.52	0.3
-126.29	49.23	1.45	185.07	0.3
-116.57	56.18	2.5	209.16	0.3
-116.58	56.18	2.5	208.69	0.3
-116.56	56.14	2.5	203.68	0.3
-116.56	56.14	2.5	203.68	0.3
-116.64	56.1	2.5	204.02	0.3
-116.68	56.11	2.5	197.21	0.3
-116.66	56.08	2.5	205.24	0.3
-148.04	64.44	1.45	170.76	0.3
-164.42	64.98	1	111.96	0.3
-151.26	61.48	1	146.6	0.3
-151.47	63.25	2.5	136.9	0.3
-145.07	65.36	1.55	180.3	0.3
-141.06	60.16	2.5	186.14	0.3
-137.5	58.13	2.5	202.79	0.3
-140.71	61.53	2.5	187.4	0.3
-140.72	61.48	2.5	207.15	0.3
-157.9	63.54	1.45	106.45	0.3
-153.27	63.9	2.5	135.45	0.3
-140.61	61.33	1.55	196.71	0.3
-116.61	56.11	2.5	210	0.3
-116.62	56.09	2.5	206.95	0.3
-137.54	58.11	1.55	204.14	0.3
-137.36	58.19	1.55	203.82	0.3
-154.66	66.33	1.55	172.78	0.3
-147.45	61.349	1.5	205	0.3
-146.66	61.686	1.55	165	0.3
-146.08	61.34	1.45	105.59	0.3
-150.96	60.898	2.5	70.856	0.3
-147.34	64.046	1.5	196.84	0.3
-151.05	60.93	1.5	173.92	0.3
-150.13	61.592	2.5	79.707	0.3
-147.53	61.383	1.55	204.85	0.3
-148.62	63.457	0.5	157.91	0.3
-148.57	63.465	2.5	125	0.3
-146.98	60.131	1.45	83.686	0.3
-150.29	63.338	1.45	162.22	0.3
-147.99	63.507	2.5	145.7	0.3
-146.74	61.458	2.5	213.73	0.3
-147.72	61.811	0.5	248.53	0.3
-146.12	63.589	1.55	175.57	0.3
-149.55	64.465	1.55	172.34	0.3
-151.11	63.486	2.5	143.42	0.3
-142.89	60.438	1	133.51	0.3
-147.74	64.89	0.5	183.92	0.3
-150.71	63.55	1.45	129.36	0.3
-149.66	61.874	1.45	104.41	0.3
-148.98	61.774	1	233.46	0.3
-151.71	64.147	0.5	127.72	0.3
-144.79	60.456	1.45	250.57	0.3
-144.85	60.392	0.5	239.09	0.3
-144.83	60.385	1.45	100.96	0.3
-144.54	63.111	1.55	202.11	0.3
-150.8	63.566	1.45	135.86	0.3
-142.83	62.475	1.45	148.67	0.3
-149.07	65.06	1.45	198.39	0.3
-146.93	64.476	1.55	94.719	0.3
-146.94	64.47	0.5	169.52	0.3
-150.06	63.548	2.5	134.07	0.3
-146.94	64.468	0.5	240.08	0.3
-148.78	63.669	1.45	129.79	0.3
-149.61	63.404	1.45	147.49	0.3
-152.62	63.768	1.55	118.84	0.3
-148.7	65.448	1.45	120.87	0.3
-151.03	63.267	2.5	179.14	0.3
-147.02	63.505	2	170	0.3
-148.81	63.718	1.45	117.77	0.3
-150.92	63.476	2.5	177.76	0.3
-147.56	65.993	2	239.28	0.3
-151.07	63.489	1.45	121.01	0.3
-150.63	64.828	2.5	175.06	0.3
-142.95	60.668	2	127.35	0.3
-147.17	60.696	0.5	217.5	0.3
-147.52	63.969	2	181.23	0.3
-148.57	64.203	1.45	195.25	0.3
-150.99	63.343	1.45	171.06	0.3
-147.13	64.503	2.5	197.69	0.3
-150.48	63.005	2.5	214.02	0.3
-146.85	61.366	1.45	213.16	0.3
-147.94	66.368	2.5	144.72	0.3
-150.94	60.959	2	186.08	0.3
-150.93	60.955	2	202.26	0.3
-149.94	63.247	2.5	134.59	0.3
-149.16	64.854	1.55	169.64	0.3
-150.66	63.508	2.5	203.66	0.3
-147.22	64.481	1	190.56	0.3
-150.97	60.952	2	87.057	0.3
-153.41	60.333	1.55	98.255	0.3
-146.65	59.985	2.5	177.14	0.3
-148.95	64.983	1.45	180.52	0.3
-153.03	63.578	1.45	115.76	0.3
-145	60.27	1.45	239.15	0.3
-151.18	63.486	2.5	111.99	0.3
-147.91	61.541	0.5	174.38	0.3
-151.03	61.596	2.5	223.95	0.3
-146.65	63.69	1.55	170.28	0.3
-151.56	63.414	1.55	114.85	0.3
-151.57	63.29	2.5	139.19	0.3
-151.02	63.174	1.55	125.43	0.3
-151.14	60.983	1	80.281	0.3
-147.93	61.538	1.45	168.33	0.3
-148.54	64.941	1.45	155.78	0.3
-150.87	63.587	1.55	238.83	0.3
-149.78	61.511	0.5	218.24	0.3
-150.6	63.804	1.55	143.93	0.3
-148.09	64.4	1.55	190	0.3
-148.08	63.583	1.45	130.15	0.3
-148.85	62.229	1.5	208.98	0.3
-150.95	63.456	2.5	116.44	0.3
-147.61	61.337	0.5	216.78	0.3
-149.49	63.227	1.55	85.149	0.3
-151.3	63.378	2.5	115.76	0.3
-151	60.74	2.5	128.89	0.3
-147.45	64.035	2	237.86	0.3
-150.64	62.037	1.45	111	0.3
-140.59	60.089	2.5	191.4	0.3
-150.63	62.039	1.45	114.25	0.3
-140.78	60.293	1.55	210.55	0.3
-147.71	61.594	0.5	117.55	0.3
-150.17	62.279	1.55	133.93	0.3
-147.7	66.59	1.55	157.94	0.3
-142.66	62.396	1.5	171.61	0.3
-150.09	62.334	2	121.94	0.3
-150.91	64.23	1.55	129.88	0.3
-146.54	61.022	1.45	241.04	0.3
-151.11	63.466	1.45	142.47	0.3
-150.98	63.471	2.5	112.43	0.3
-151.52	63.288	1.45	142.76	0.3
-153.57	59.238	1.55	144.5	0.3
-151.53	63.048	2.5	126.59	0.3
-146.83	66.252	1.55	158.56	0.3
-151.53	63.306	1.45	111.77	0.3
-147.83	64.481	1.45	185.14	0.3
-146.67	61.528	1	72.02	0.3
-151.1	63.243	1.55	152.19	0.3
-151.08	63.276	2	186.75	0.3
-148.14	65.462	0.5	151.21	0.3
-151.2	63.322	2	182.45	0.3
-146.66	61.43	0.5	139.69	0.3
-148.2	62.079	0.5	90.214	0.3
-151.13	63.342	1	242.6	0.3
-148.77	62.154	0.5	125.1	0.3
-143.24	60.301	2	91.447	0.3
-149.43	66.03	1.45	156.28	0.3
-148.61	66.173	2	102.73	0.3
-151.02	63.432	2.5	157.36	0.3
-145.85	64.007	2.5	199.87	0.3
-147.47	64.724	1.55	143.25	0.3
-147.33	61.309	1.5	208.22	0.3
-150.99	63.552	2	80.328	0.3
-151.18	63.422	1.45	135.92	0.3
-152.73	60.225	0.5	111.04	0.3
-152.04	65.017	2.5	108.4	0.3
-147.33	61.307	1.55	208.73	0.3
-147.26	60.557	1.45	187.99	0.3
-149.18	64.958	1	184.4	0.3
-140.72	60.554	1.45	222.23	0.3
-151.21	63.367	2.5	79.306	0.3
-148.26	62.51	2.5	93.74	0.3
-150.44	62.163	2.5	96.505	0.3
-152.65	59.914	2	198.75	0.3
-151.99	63.751	1.55	150.07	0.3
-146.91	61.356	0.5	135.57	0.3
-146.67	61.444	0.5	138.4	0.3
-147.47	60.952	1.45	225.05	0.3
-150.28	60.893	1.45	198.63	0.3
-149.6	61.744	2.5	86.053	0.3
-146.45	61.669	1	128.05	0.3
-149.71	66.373	1.45	163.73	0.3
-145.4	63.29	1.55	196.24	0.3
-141.38	61.479	2.5	193.95	0.3
-147.31	61.355	1.45	228.2	0.3
-144.25	65.573	1.55	164.08	0.3
-142.64	60.64	1.55	134.07	0.3
-148.72	64.954	1	243.93	0.3
-146.98	64.478	1.45	208.36	0.3
-146.99	64.476	1	198.75	0.3
-146.98	64.472	1	205.31	0.3
-150.88	63.515	2.5	149.27	0.3
-150.78	63.467	1.55	153.4	0.3
-150.68	63.552	2.5	102.1	0.3
-151.05	63.26	0.5	184.03	0.3
-151.12	63.269	1.55	128.74	0.3
-148.55	63.453	2	214	0.3
-151.29	63.13	1.55	133.86	0.3
-151.26	63.146	2.5	100.35	0.3
-151.15	63.282	1.55	173.74	0.3
-151.07	63.427	2	175.38	0.3
-151.21	63.291	1.55	150.74	0.3
-150.41	62.154	1.55	113.75	0.3
-146.95	61.3	1	194.35	0.3
-146.88	64.433	2.5	196.07	0.3
-146.89	64.419	1.55	166.05	0.3
-150.66	59.83	0.5	150.12	0.3
-140.21	60.954	1.45	201.48	0.3
-147.66	66.685	1.55	191.74	0.3
-148.5	64.275	1.45	194.64	0.3
-149.38	64.605	1.45	156.85	0.3
-148.03	66.462	1.45	143.12	0.3
-151.2	63.275	1.55	142.98	0.3
-148.75	62.298	0.5	241.84	0.3
-149.69	61.615	1.45	200.3	0.3
-150.73	60.805	1.45	73.029	0.3
-152.23	62.655	1.45	132.99	0.3
-146.73	61.597	2.5	177.38	0.3
-146.79	61.264	2.5	195.22	0.3
-147.18	61.391	1.55	100.54	0.3
-150.31	62.263	2.5	116.42	0.3
-148.88	62.764	2.5	131.77	0.3
-146.47	66.95	1.55	183.39	0.3
-152.83	62.719	1.45	229.11	0.3
-147.99	60.64	1.45	208.26	0.3
-150.94	63.28	1.55	157.32	0.3
-150.28	61.894	1.45	86.57	0.3
-150.31	61.904	1.45	88.762	0.3
-146.79	61.768	1.45	230.66	0.3
-150.85	63.445	2.5	112.98	0.3
-147.13	61.4	1.55	221.32	0.3
-151.29	59.587	1.45	134.78	0.3
-151.76	59.277	1.45	150.94	0.3
-146.14	63.874	2	222.35	0.3
-149.32	66.164	1.45	145.54	0.3
-148.36	62.351	1.45	87.822	0.3
-147.58	64.933	1.5	174.93	0.3
-147.74	60.439	1.55	158.52	0.3
-150.63	63.258	1.45	130.07	0.3
-151.08	63.514	2.5	135	0.3
-146.97	60.469	0.5	231	0.3
-151.14	63.504	1.45	144.05	0.3
-149.5	61.673	0.5	198.51	0.3
-148.31	60.382	1.45	159.41	0.3
-150.44	65.116	1.45	159.17	0.3
-148.93	64.924	1.55	175	0.3
-147.38	64.7	1.55	187.39	0.3
-146.71	61.688	0.5	239.16	0.3
-148.46	61.836	1.45	145.22	0.3
-151.08	63.264	2.5	186.51	0.3
-146.44	60.745	1.55	175.11	0.3
-143.48	62.679	2.5	173.15	0.3
-150.13	62.245	2.5	126.26	0.3
-150.97	63.581	2.5	115.81	0.3
-153.65	63.242	1	74.221	0.3
-153.7	63.185	1.45	186.23	0.3
-150.5	62.01	1.45	115.57	0.3
-147.28	61.603	1	101.24	0.3
-151.99	65.58	1.55	127.29	0.3
-142.63	60.616	2.5	242.13	0.3
-151.18	63.269	1.55	174.26	0.3
-147.41	64.212	2.5	204.23	0.3
-151.02	63.55	2.5	128.17	0.3
-146.37	61.034	0.5	248.28	0.3
-150.59	59.308	2	141.85	0.3
-148.32	64.65	1.55	139.3	0.3
-148.99	64.971	0.5	139.39	0.3
-151.24	63.385	1.45	156.6	0.3
-147.45	64.797	1.45	159.92	0.3
-146.61	61.368	0.5	206.14	0.3
-147.93	64.404	1.45	180.27	0.3
-148.57	65.17	1.55	140.3	0.3
-148.55	65.135	1.55	151.07	0.3
-148.54	65.136	1.45	132.44	0.3
-148.55	65.172	1.55	142.15	0.3
-148.58	65.161	1.55	167.25	0.3
-148.55	65.121	1.55	134.53	0.3
-148.57	65.138	1.55	130.59	0.3
-148.57	65.177	1.55	134.86	0.3
-148.56	65.192	1.55	136.39	0.3
-148.57	65.14	1.55	176.74	0.3
-148.5	65.162	1.45	165.31	0.3
-148.61	65.107	1.55	159.28	0.3
-148.56	65.137	1.45	133.02	0.3
-148.53	65.166	1.55	155.36	0.3
-148.52	65.117	1.55	249.7	0.3
-148.56	65.14	1.45	121.02	0.3
-148.55	65.155	1.55	142.59	0.3
-148.59	65.126	1.55	187.41	0.3
-148.73	65.228	1.45	143.28	0.3
-148.56	65.113	1.55	142.47	0.3
-148.66	65.066	1.45	196.29	0.3
-148.52	65.171	1.55	183.78	0.3
-148.55	65.125	1.55	149.86	0.3
-148.55	65.142	1.55	155.07	0.3
-148.54	65.174	1.45	141.7	0.3
-148.55	65.148	1.45	151.09	0.3
-148.6	65.175	1.5	167.84	0.3
-148.48	65.144	1.45	159.62	0.3
-148.6	65.146	1.45	171.17	0.3
-148.57	65.151	1.55	124.59	0.3
-148.57	65.181	1.55	129.02	0.3
-148.58	65.121	1.45	167.11	0.3
-148.59	65.147	1.55	187.7	0.3
-148.56	65.191	1.55	150.56	0.3
-148.81	66.453	1.45	165.2	0.3
-148.55	65.169	1.55	140.59	0.3
-148.56	65.137	1.45	173.21	0.3
-151.12	65.809	1.45	141.05	0.3
-148.5	65.188	1.55	170.77	0.3
-151.12	63.449	1.45	144.06	0.3
-148.55	65.141	1.45	153.57	0.3
-151.06	63.258	2	160.87	0.3
-143.35	62.979	1.45	215.03	0.3
-151.59	63.149	2.5	121.26	0.3
-149.82	64.291	1.45	166.67	0.3
-151.31	63.384	1.55	170.43	0.3
-140.81	60.151	2.5	127.42	0.3
-146.94	61.714	1.55	246.25	0.3
-151.92	59.605	1.45	171.29	0.3
-150.62	61.938	1.55	244.34	0.3
-150.84	60.845	1.45	217.05	0.3
-144.34	62.669	1.45	148.67	0.3
-150.85	60.841	1.55	227.55	0.3
-146.87	65.004	1.45	165.39	0.3
-147.8	61.577	1.55	227.46	0.3
-147	63.493	1.55	129.27	0.3
-150.37	65.316	1.45	142.19	0.3
-151.48	63.339	1.45	148.79	0.3
-148.09	64.783	1.45	170.59	0.3
-151.04	61.173	2.5	101.97	0.3
-148.19	64.262	2.5	195	0.3
-148.18	64.258	2.5	198	0.3
-152.78	60.514	2.5	110.61	0.3
-152.26	61.307	0.5	105.39	0.3
-148.82	65.207	1.55	155.5	0.3
-146.71	61.652	0.5	229.05	0.3
-151.46	63.361	2.5	87.826	0.3
-148.14	62.376	1.45	71.374	0.3
-154.52	57.986	1.55	175.6	0.3
-148.72	65.206	1.45	180.83	0.3
-152.85	64.588	0.5	126.69	0.3
-151.25	63.212	2.5	228.26	0.3
-146.05	65.023	2	140.76	0.3
-150.18	64.036	1.45	136.2	0.3
-151.51	63.416	2.5	137.08	0.3
-152.36	64.701	1	223.03	0.3
-146.97	61.295	2.5	230.85	0.3
-146.79	61.361	0.5	190.44	0.3
-146.78	61.361	0.5	194.61	0.3
-146.79	61.362	0.5	209.63	0.3
-151.94	62.719	2.5	134.53	0.3
-148.62	65.192	1.45	192.95	0.3
-147.26	60.368	1.45	189.21	0.3
-149.13	60.605	2.5	115.9	0.3
-154.65	59.228	1.55	153.41	0.3
-147.12	61.459	1.45	221.44	0.3
-146.91	64.638	1.45	188.7	0.3
-151.36	63.462	2.5	91.774	0.3
-147.27	60.771	0.5	232.91	0.3
-151.26	63.343	2.5	141.76	0.3
-151.32	63.325	1	142.62	0.3
-153.13	60.05	2.5	131.28	0.3
-153.15	60.038	1	138.53	0.3
-141.55	60.022	2.5	103.64	0.3
-153.13	60.026	2.5	132.14	0.3
-146.38	61.502	1	172.93	0.3
-144.68	65.597	1.55	155.69	0.3
-153.11	60.021	1.45	174.46	0.3
-154.42	58.444	0.5	164	0.3
-145.19	60.604	1	133.6	0.3
-148.5	66.168	1.5	185	0.3
-149.54	63.388	0.5	115.39	0.3
-145.36	63.347	1.55	180.72	0.3
-145.32	63.349	2	195.47	0.3
-145.31	63.347	1.55	173.44	0.3
-145.29	63.335	2	191.42	0.3
-145.29	63.361	1.55	173.85	0.3
-145.3	63.353	2.5	193.53	0.3
-145.34	63.346	1.45	153.47	0.3
-145.32	63.328	2.5	183.64	0.3
-145.33	63.355	1.55	172.92	0.3
-145.31	63.352	1.55	188.08	0.3
-145.35	63.359	2	198.86	0.3
-148.85	61.822	1.55	124.06	0.3
-149.69	61.567	0.5	206.47	0.3
-153.73	59.475	1.55	180.31	0.3
-145.26	63.364	1.55	188.24	0.3
-147.79	66.282	1.5	188	0.3
-146.46	61.491	0.5	102.19	0.3
-150.42	63.423	2.5	146.38	0.3
-152.03	61.548	2.5	120.28	0.3
-145.25	63.366	2.5	181.85	0.3
-151.59	64.695	0.5	166.12	0.3
-152.63	59.545	1.55	179.72	0.3
-146.9	64.431	1.55	193.8	0.3
-149.1	63.552	0.5	122.4	0.3
-145.28	63.356	2.5	198.07	0.3
-150.13	63.908	1.45	135.73	0.3
-147.41	63.241	1.55	161.43	0.3
-146.71	61.506	1.45	143.66	0.3
-151.2	63.464	1.45	139.87	0.3
-150.22	61.132	2.5	109.68	0.3
-149.36	63.999	2.5	179.63	0.3
-155.17	58.252	1	198.4	0.3
-155.19	58.244	0.5	110.11	0.3
-150.41	62.185	1	125.62	0.3
-152.08	62.566	2.5	156.19	0.3
-151.2	63.293	1.55	147.93	0.3
-147.59	64.93	1.45	171.07	0.3
-148.9	61.819	1.55	129.03	0.3
-145.18	63.371	2.5	206.97	0.3
-151.43	63.273	1.45	151.51	0.3
-149.72	61.564	0.5	225.12	0.3
-152.71	60.534	2.5	177.1	0.3
-145.28	63.371	2	205.69	0.3
-151.48	63.391	1.55	225.18	0.3
-149.58	64.814	2.5	181.8	0.3
-147.34	60.481	1.45	197.36	0.3
-148.54	61.828	1.45	172.22	0.3
-151.43	63.353	2	176.11	0.3
-151.24	63.405	1	213.98	0.3
-151.15	63.258	0.5	123.34	0.3
-150.88	63.473	1.45	130.02	0.3
-151.08	63.469	2.5	155.93	0.3
-142.96	60.472	1	92.713	0.3
-144.23	63.317	2.5	175.76	0.3
-145.36	63.342	1.45	190.66	0.3
-154.98	58.276	2.5	177.77	0.3
-151.29	63.236	1.55	94.612	0.3
-151.1	63.305	1.55	134.19	0.3
-151.75	63.277	1.45	123.17	0.3
-150.03	64.252	1.55	150.84	0.3
-145.09	65.66	1.45	172.21	0.3
-150.93	63.525	2.5	136.93	0.3
-151.6	63.373	2.5	118.27	0.3
-148.1	65.454	2.5	134.38	0.3
-145.09	60.449	1.55	167	0.3
-149.96	64.216	1.45	155.99	0.3
-151.31	63.409	2.5	138.32	0.3
-150.99	63.543	2.5	156.72	0.3
-151.01	63.286	1.5	178.59	0.3
-151.16	63.499	0.5	139.92	0.3
-142.49	62.152	1.45	190.55	0.3
-165.71	53.987	2.5	144.34	0.3
-151.28	63.417	2.5	135.26	0.3
-151.29	63.152	1.45	210.14	0.3
-151.88	63.277	0.5	104.83	0.3
-147.25	63.509	2.5	149.1	0.3
-151.33	63.233	2.5	92.066	0.3
-150.52	63.56	1	227.49	0.3
-151.14	63.276	2.5	129.45	0.3
-144.25	63.084	2	153.37	0.3
-145.22	63.362	1.45	202.34	0.3
-153.19	66.335	1.55	110.67	0.3
-151.3	63.447	1.45	128.73	0.3
-150.64	61.645	1.55	99.527	0.3
-152.22	63.183	1.45	78.595	0.3
-147.31	60.659	1.45	195.22	0.3
-145.61	63.374	2.5	183.59	0.3
-151.42	63.232	2	168.67	0.3
-148.82	66.46	1.55	141.46	0.3
-140.92	60.201	1.45	168.88	0.3
-146.68	59.96	2.5	157.63	0.3
-146.29	61.57	0.5	147.98	0.3
-148.94	62.893	2.5	134.85	0.3
-146.88	64.444	1.5	226.37	0.3
-149.05	64.866	0.5	169.38	0.3
-142.9	60.482	1.45	141.86	0.3
-154.24	65.009	1.45	115.01	0.3
-149.26	60.305	1	189.9	0.3
-147.35	63.334	1.55	137.89	0.3
-151.26	63.211	1.55	137.17	0.3
-151.1	63.56	2	145.26	0.3
-152.63	57.559	0.5	181.51	0.3
-146.8	67.15	1.55	177.48	0.3
-150.95	61.842	1.55	71.996	0.3
-147.4	63.343	1.55	135.63	0.3
-145.96	60.844	2.5	177.37	0.3
-141.82	61.706	1.45	177.49	0.3
-141.82	61.715	1.55	163.64	0.3
-151.52	62.733	1.45	93.078	0.3
-150.9	63.553	0.5	128.38	0.3
-142.91	60.425	2.5	134.88	0.3
-147.51	61.403	1.45	203.01	0.3
-147.8	64.697	1.5	196.98	0.3
-148.66	61.703	0.5	158.43	0.3
-141.61	60.224	1.55	212.55	0.3
-151.03	63.302	1.45	141.07	0.3
-151.12	63.295	0.5	140.46	0.3
-146.66	61.271	0.5	205.27	0.3
-151.65	63.12	1.5	82.778	0.3
-150.31	63.891	1.45	131.86	0.3
-151.43	63.416	1	150.95	0.3
-147.53	64.93	1.45	177.92	0.3
-149.94	65.457	1.45	138.48	0.3
-149.25	64.629	1.55	84.644	0.3
-147.86	64.51	1.55	162.9	0.3
-144.8	63.468	2.5	176.76	0.3
-148.08	61.59	2.5	148.86	0.3
-152.16	64.706	1.45	166.24	0.3
-150.73	63.538	1.55	180.1	0.3
-147.26	64.246	1.45	184.19	0.3
-152.4	64.699	2	174.72	0.3
-150.79	66.011	2.5	184.78	0.3
-141.32	62.264	2.5	185.95	0.3
-147.41	63.998	2.5	178.32	0.3
-146.3	61.006	0.5	79.424	0.3
-145.35	63.271	1	192.63	0.3
-145.34	63.273	2.5	183.19	0.3
-150.15	64.042	1.55	148.94	0.3
-147.62	64.636	0.5	167.38	0.3
-147.41	64.02	1.55	167.1	0.3
-153.82	64.346	0.5	146.17	0.3
-150.99	61.89	1.55	85.8	0.3
-152	61.43	1.5	208.14	0.3
-151.94	61.837	1.45	112.86	0.3
-145.14	60.423	1.55	207.91	0.3
-152.02	61.37	1.55	184.17	0.3
-151.22	63.356	1.55	148.78	0.3
-148.36	61.721	1	133.41	0.3
-143	60.53	2	135.03	0.3
-151.36	63.489	2.5	173.18	0.3
-149.97	65.518	2.5	150.76	0.3
-147.16	60.57	2	145.19	0.3
-146.54	61.046	1.55	218	0.3
-139.53	59.717	2	210.87	0.3
-143.49	62.698	1.45	152.3	0.3
-150	64.148	1.45	173.85	0.3
-147.79	64.233	2.5	203.47	0.3
-143.76	62.737	2.5	175.22	0.3
-147.43	63.52	1.55	157.22	0.3
-146.62	61.399	1.45	179.7	0.3
-149.3	62.667	1.45	113.47	0.3
-149.29	62.668	1.45	121.07	0.3
-147.3	65.952	1.55	233.23	0.3
-150.9	60.946	1.55	134.34	0.3
-148.4	62.062	1	129.95	0.3
-148.17	66.064	1.5	160.29	0.3
-141.92	60.158	2.5	143.11	0.3
-144.93	63.414	1.45	189.88	0.3
-155.35	63.81	1.55	105.8	0.3
-149.22	64.891	1.45	182.28	0.3
-140.97	61.566	1.55	173.6	0.3
-147.66	64.894	1.55	129.79	0.3
-147.91	63.514	1.5	127.89	0.3
-147.99	63.501	2.5	150.95	0.3
-148.28	63.497	2	143.54	0.3
-147.87	63.53	2.5	107.62	0.3
-147.45	63.529	1.45	149.96	0.3
-147.45	63.514	2.5	154.61	0.3
-145.04	63.417	1.55	103.11	0.3
-145.67	63.28	2.5	160.32	0.3
-147.37	63.584	2.5	110.25	0.3
-147.37	63.591	2.5	128.81	0.3
-144.2	63.048	2.5	192.11	0.3
-146.07	63.454	1.55	209.98	0.3
-147.43	63.589	2	217.08	0.3
-147.43	63.536	2.5	136.05	0.3
-147.42	63.534	2	150.67	0.3
-147.25	63.539	2.5	174.14	0.3
-144.94	63.29	1.55	233.34	0.3
-145.33	63.282	2.5	157.98	0.3
-143.15	62.641	2	96.662	0.3
-145.25	63.196	2.5	159.72	0.3
-144.56	63.096	2.5	216.63	0.3
-147.39	63.54	2	228.34	0.3
-147.43	63.599	1	112	0.3
-145.1	63.317	2.5	190.2	0.3
-145.07	63.222	1.55	208.06	0.3
-141.3	61.214	2	146.21	0.3
-144.8	63.175	2	186.31	0.3
-147.43	63.528	1.55	130.1	0.3
-146.02	63.45	1.45	198.14	0.3
-147.39	63.523	2.5	180.44	0.3
-145.42	63.311	2.5	134.6	0.3
-145.29	63.265	2.5	190.34	0.3
-144.57	63.1	1.45	121.99	0.3
-147.71	63.551	0.5	102.83	0.3
-145.28	63.278	1.45	199.22	0.3
-144.06	62.988	2	212.28	0.3
-147.45	63.571	2.5	171.55	0.3
-142.8	62.492	1.55	237.28	0.3
-145.02	63.25	1.45	171.08	0.3
-145.34	63.282	2.5	141.13	0.3
-144.55	63.115	2.5	198.75	0.3
-143.48	62.864	0.5	158.14	0.3
-144.71	63.196	1.45	239.83	0.3
-144.49	63.109	2.5	180.83	0.3
-143.26	62.718	2.5	200.64	0.3
-143.24	62.711	1.45	163.49	0.3
-145.1	63.25	1.55	178.11	0.3
-144.16	63.031	2.5	176.24	0.3
-144.49	63.09	2.5	228.17	0.3
-144.5	63.132	2.5	179.95	0.3
-144.17	62.969	2.5	170.15	0.3
-144.67	63.13	2.5	166.2	0.3
-144.64	63.116	2.5	229.43	0.3
-143.72	62.873	2	244.49	0.3
-143.17	62.667	2	246.62	0.3
-145.33	63.275	1.55	245	0.3
-147.77	63.49	1.55	144.46	0.3
-147.47	63.581	2.5	130.63	0.3
-147.15	63.544	1.45	128.14	0.3
-142.83	62.509	2.5	207.64	0.3
-144.06	63.048	2	235.21	0.3
-143.68	62.889	1.5	223.39	0.3
-144.45	63.11	2	216.36	0.3
-147.74	63.574	0.5	181.42	0.3
-145.21	63.269	1.55	191.12	0.3
-146.92	63.534	1.55	148.33	0.3
-147.35	63.553	2	137.12	0.3
-147.5	63.589	1	173.23	0.3
-144.39	63.083	2	200.63	0.3
-147.63	63.487	1.45	132.82	0.3
-143.61	62.9	2	213.6	0.3
-144.5	63.099	2.5	239.73	0.3
-145.31	63.29	1.55	203.58	0.3
-143.54	62.829	1.45	203.18	0.3
-145.53	63.327	2.5	213.81	0.3
-143.47	62.818	1.45	197.68	0.3
-147.65	63.571	2.5	126.52	0.3
-145.46	63.313	1.45	173.37	0.3
-144.03	63.023	1.55	202.13	0.3
-143.76	62.927	0.5	242.03	0.3
-145.27	63.344	2.5	207.95	0.3
-143.05	62.635	1.55	231.83	0.3
-142.86	62.5	1.5	210.84	0.3
-146.08	63.504	1.45	213.55	0.3
-145.21	63.264	2	175.91	0.3
-143.55	62.812	2.5	206.63	0.3
-146.95	63.553	1.55	142.61	0.3
-143.78	63.083	2.5	241.43	0.3
-143.78	63.127	2.5	239.64	0.3
-145.3	63.276	2	189.07	0.3
-146.76	63.518	2.5	183.16	0.3
-143.74	62.879	2	229.43	0.3
-146.09	63.566	1.45	203.21	0.3
-145.36	63.286	1	198.97	0.3
-144.18	63.023	2.5	157.89	0.3
-147.51	63.504	2.5	175.19	0.3
-143.62	62.842	1.55	209.68	0.3
-145.36	63.273	2.5	171.94	0.3
-147.62	63.204	1.55	118.07	0.3
-141.82	62.233	1.55	167.97	0.3
-141.86	62.185	1.5	175.5	0.3
-142.46	62.298	1.55	223.83	0.3
-145.59	63.313	1.55	222.66	0.3
-147.09	63.571	1.55	149.14	0.3
-147.86	63.51	2.5	175.5	0.3
-144.49	63.104	2.5	223.29	0.3
-148.25	63.472	2.5	153.9	0.3
-143.7	62.91	1.55	232.32	0.3
-147.32	63.465	1.55	113.91	0.3
-143.69	62.878	1.45	214.5	0.3
-143.46	62.858	1.45	201.59	0.3
-145.11	63.234	1.45	227.12	0.3
-147.43	63.611	0.5	124.14	0.3
-144.22	63.069	2.5	191.38	0.3
-144.25	63.08	2.5	198.23	0.3
-147.65	63.614	2.5	165.27	0.3
-147.48	63.557	1.55	95.926	0.3
-143.64	62.911	2.5	204.14	0.3
-147.61	63.56	2.5	167.58	0.3
-147.07	63.538	0.5	150.74	0.3
-147.6	63.551	2.5	136.45	0.3
-144.67	63.148	2.5	183.96	0.3
-147.82	63.55	1	176.96	0.3
-148.29	63.465	2.5	137.6	0.3
-147.9	63.514	1.45	168.99	0.3
-147.27	63.544	1	157.1	0.3
-147.69	63.578	0.5	107.36	0.3
-147.77	63.583	0.5	104.37	0.3
-144.92	63.334	1.45	189.9	0.3
-147.01	63.554	2	174.15	0.3
-144.38	63.127	2.5	209.25	0.3
-147.59	63.547	2.5	128.55	0.3
-146.14	63.423	1.55	180.08	0.3
-147.18	63.446	2.5	146.4	0.3
-147.64	63.573	1.45	139.59	0.3
-147.84	63.485	2.5	168.24	0.3
-145.27	63.302	1.55	191.59	0.3
-147.53	63.233	2	147.64	0.3
-147.62	63.522	1.55	155.34	0.3
-147.52	63.595	2	151.95	0.3
-145.07	63.438	1.45	207.98	0.3
-143.45	62.827	1.55	177.12	0.3
-145.42	63.25	2.5	192.63	0.3
-143.33	62.797	2	91.11	0.3
-142.81	62.551	1.45	169.02	0.3
-145.39	63.297	2.5	222.23	0.3
-144.68	63.479	1.55	234.12	0.3
-143.63	62.898	2.5	208.47	0.3
-147.54	63.472	1.55	153	0.3
-145.26	63.277	1.55	200.87	0.3
-144.5	63.089	1.55	210.36	0.3
-143.23	62.647	1.55	245.75	0.3
-144.96	63.32	2.5	203.15	0.3
-141.17	62.19	1.45	177.35	0.3
-150.95	63.625	1.5	121	0.3
-145.84	63.411	0.5	111.97	0.3
-142.34	62.17	1.45	223.43	0.3
-144.34	63.106	2.5	208.7	0.3
-148.26	63.481	2.5	153.39	0.3
-143.53	63.057	1.55	229.73	0.3
-145.23	63.332	2.5	186.04	0.3
-148.61	64.954	1.45	154.82	0.3
-144.97	63.296	1.55	215.81	0.3
-143.23	62.658	2.5	248.06	0.3
-146.11	63.447	2.5	175.19	0.3
-147.94	63.58	2	137.06	0.3
-147.56	63.482	0.5	106.71	0.3
-148.24	63.469	2.5	134.93	0.3
-147.53	63.455	1.55	155.55	0.3
-148.25	63.455	2	198.64	0.3
-144.22	63.05	2.5	214.59	0.3
-145	63.239	1.45	190.6	0.3
-144.93	63.285	1.55	203.59	0.3
-145.23	63.275	2	181.45	0.3
-148.23	63.466	2.5	123.66	0.3
-143.61	62.905	2.5	220.29	0.3
-147.32	63.571	2	168.82	0.3
-143.74	63.079	1.45	241.25	0.3
-142.87	62.534	2.5	230.97	0.3
-147.16	63.432	2.5	160.85	0.3
-147.1	63.429	2.5	126.1	0.3
-147.13	63.448	2.5	155.13	0.3
-147.12	63.441	1.55	113.12	0.3
-143.63	62.879	2.5	236.11	0.3
-144.9	63.327	2.5	172.03	0.3
-147.12	63.445	2	132.82	0.3
-142.85	62.534	2.5	219.72	0.3
-145.23	63.319	2.5	202.03	0.3
-148.25	63.469	2	129.93	0.3
-142.62	62.313	1.55	189.5	0.3
-147.4	63.599	1.55	173.49	0.3
-147.92	63.766	2.5	176.12	0.3
-147.12	63.455	2.5	154.76	0.3
-151.12	63.338	1.55	148.4	0.3
-145.13	63.312	1.55	200.47	0.3
-142.84	62.54	1.45	178.07	0.3
-145.17	63.27	0.5	176.52	0.3
-147.39	63.542	2.5	161.48	0.3
-147.56	63.574	2.5	134.53	0.3
-147.08	63.533	1.45	116.14	0.3
-147.31	63.579	2.5	148.06	0.3
-144.36	63.114	1.55	177.86	0.3
-143.79	63.075	1.55	249.75	0.3
-145.14	63.266	2.5	181.65	0.3
-145.22	63.252	2	178.83	0.3
-147.69	63.57	2	203.14	0.3
-145.24	63.3	1	230.12	0.3
-143.4	63.172	1.45	220.41	0.3
-148.25	63.486	2.5	121.27	0.3
-144.2	63.06	2.5	196.89	0.3
-143.9	62.925	1.45	226.08	0.3
-147.27	63.496	2.5	156.46	0.3
-145.9	63.413	0.5	88	0.3
-147.29	63.589	1	204.32	0.3
-146.12	63.461	2.5	169.65	0.3
-151.39	63.258	2.5	115.96	0.3
-146.11	63.473	1.55	172.59	0.3
-145.13	63.48	1.55	207.79	0.3
-148.23	63.471	2.5	112	0.3
-144.43	63.099	1.55	166.97	0.3
-140.95	61.906	2.5	214.78	0.3
-147.07	63.533	1.55	149.33	0.3
-146.99	63.547	0.5	113.06	0.3
-147.04	63.564	1.55	129.65	0.3
-145.35	63.277	2.5	211.35	0.3
-147.86	63.521	1.45	190.93	0.3
-147.12	63.451	1.5	175.2	0.3
-152.9	60.488	1.45	117.36	0.3
-145.54	63.355	2.5	191.13	0.3
-146.1	63.44	2.5	168.58	0.3
-148.2	64.376	1.45	189.2	0.3
-147.41	63.545	2.5	144.82	0.3
-147.51	63.588	2	184.4	0.3
-151.58	62.697	1.55	72.802	0.3
-146.79	61.193	0.5	245.55	0.3
-147.09	63.547	1.55	149.67	0.3
-151.03	63.588	1.55	130.53	0.3
-148.28	63.467	2.5	142.43	0.3
-144.17	63.029	1.55	188.91	0.3
-147.16	63.45	1.45	163.96	0.3
-141.03	61.485	1.45	184.59	0.3
-145.44	63.294	1.55	195.88	0.3
-145.18	63.37	2.5	205.7	0.3
-143.59	62.853	0.5	206.21	0.3
-147.06	63.526	1.55	139.23	0.3
-147.07	63.512	1.55	123.21	0.3
-144.42	63.139	2.5	188.91	0.3
-152.04	64.545	1	203.42	0.3
-147.35	63.601	2.5	130.63	0.3
-144.42	63.122	1.55	165.04	0.3
-147.56	63.59	2	168.71	0.3
-146.41	63.553	1	188.69	0.3
-147.3	63.491	1.55	167.01	0.3
-145.25	63.266	2	138.17	0.3
-147.55	63.507	1.45	211.15	0.3
-149.21	62.417	1.45	121.62	0.3
-144.11	63.039	1.55	199.7	0.3
-144.25	63.065	1.45	122.13	0.3
-145.53	63.33	1.45	238.39	0.3
-147.69	63.535	2.5	173.57	0.3
-144.02	62.947	2.5	72.017	0.3
-142.55	62.305	1.45	219.36	0.3
-142.85	62.533	2.5	208.83	0.3
-146.05	63.481	1.55	193.36	0.3
-146.02	63.465	1.55	200.08	0.3
-146.05	63.481	2.5	196.6	0.3
-146.98	63.523	2.5	118.1	0.3
-144.97	63.227	1	122.12	0.3
-147.72	63.483	2.5	174.63	0.3
-147.88	63.518	2.5	124.15	0.3
-149.37	65.024	1.45	162.46	0.3
-149.99	65.28	1.55	139.57	0.3
-150	65.288	1.45	150.27	0.3
-145.33	63.296	1.55	120.01	0.3
-147.5	63.495	2	141.72	0.3
-148.93	63.532	1.45	129.32	0.3
-145.32	63.44	2.5	230.83	0.3
-148.04	63.488	1.55	219.82	0.3
-147.69	63.48	2.5	135.64	0.3
-143.12	63.13	2.5	90.775	0.3
-147.14	63.447	2.5	150.75	0.3
-144.4	63.162	2	222.61	0.3
-142.88	62.538	2	201.73	0.3
-148.21	63.47	2.5	86.272	0.3
-147.09	63.536	2	152.5	0.3
-147.44	61.319	1.45	212.27	0.3
-147.22	63.417	2	131.44	0.3
-147.81	62.164	0.5	222.62	0.3
-144.65	63.133	2.5	209.15	0.3
-147.33	63.481	2.5	137.32	0.3
-147.34	63.573	1.45	122.25	0.3
-144.69	63.271	1.55	214.57	0.3
-147.3	63.493	2.5	127.72	0.3
-149.75	63.283	1.45	107.02	0.3
-143.75	62.935	2.5	224.14	0.3
-144.87	63.471	2.5	201.77	0.3
-151.08	63.302	2	171.41	0.3
-144.62	63.141	0.5	165.79	0.3
-147.41	63.503	1.45	161.73	0.3
-148.17	63.452	2.5	126.54	0.3
-144.4	63.121	2	146.91	0.3
-148.23	63.482	2	166.62	0.3
-147.36	63.493	2.5	140	0.3
-147.65	63.556	2.5	157.65	0.3
-142.68	62.44	1.55	162.17	0.3
-146.59	61.428	0.5	168.52	0.3
-142.83	62.526	1.5	182	0.3
-138.11	59.14	1.55	201.93	0.3
-147.75	63.488	1.45	84.627	0.3
-147.8	63.582	2.5	208.52	0.3
-145.22	63.271	1.55	186.5	0.3
-145.21	63.275	2.5	162.02	0.3
-145.2	63.276	2.5	158.15	0.3
-142.82	62.535	2.5	88.716	0.3
-147.49	63.578	1.55	141.11	0.3
-147.3	63.399	2.5	156.04	0.3
-147.86	63.597	2.5	164.77	0.3
-145.28	63.277	2.5	176.6	0.3
-144.94	63.336	2.5	239.96	0.3
-145.28	63.276	0.5	109.33	0.3
-149.65	67.643	1	132.9	0.3
-148.24	63.458	2.5	135.62	0.3
-141.38	61.585	1.5	178.14	0.3
-146.99	63.526	1.45	87.425	0.3
-143.55	62.829	1.45	223.49	0.3
-147.92	63.493	2.5	166.31	0.3
-141.78	62.226	0.5	235.6	0.3
-147.56	63.453	2.5	166.25	0.3
-145.26	63.272	2	214.6	0.3
-145.22	63.261	2.5	166.25	0.3
-145.25	63.259	2.5	189.47	0.3
-142.61	62.453	1.55	153.82	0.3
-141.66	60.023	1	161.26	0.3
-147.71	63.575	1	227.75	0.3
-144.98	63.448	1.55	228.14	0.3
-147.52	63.503	2.5	156.64	0.3
-148.39	63.487	2.5	139.85	0.3
-147.91	63.531	0.5	72.564	0.3
-141.9	62.147	2	117.98	0.3
-148.32	63.477	2.5	166.6	0.3
-145.07	63.248	2.5	184.72	0.3
-144.37	63.109	1.45	183.44	0.3
-148.41	60.484	1.5	175.87	0.3
-147.66	63.597	2.5	163.59	0.3
-147.34	63.562	1	198.11	0.3
-147.19	63.503	2.5	146.59	0.3
-147.17	63.489	1.45	149.56	0.3
-147.2	63.485	2	184.67	0.3
-145.23	63.284	2	114.96	0.3
-143.8	62.964	2	78.241	0.3
-148.27	63.467	2.5	119.28	0.3
-148.35	63.486	2.5	150.19	0.3
-145.22	63.249	2	190.54	0.3
-147.23	63.417	2	116.27	0.3
-147.19	63.49	1.45	135.05	0.3
-147.14	63.511	2.5	146.34	0.3
-148.18	63.482	2.5	169.37	0.3
-149.16	63.22	1.55	103.63	0.3
-147.18	63.484	2	135.02	0.3
-144.25	63.096	2.5	183.81	0.3
-143.62	62.901	2.5	228.48	0.3
-143.05	63.142	1.45	246.23	0.3
-147.19	63.484	2	134.43	0.3
-147.27	63.551	2.5	166.94	0.3
-147.69	63.598	2	140.04	0.3
-147.12	63.259	1	155.96	0.3
-147.17	63.265	2	90.308	0.3
-147.6	63.578	2.5	171.64	0.3
-146.15	63.809	2.5	230.04	0.3
-147.03	63.537	0.5	219.79	0.3
-144.35	63.125	1.55	159.24	0.3
-145.33	63.307	2.5	225.53	0.3
-142.54	62.329	1.45	221.44	0.3
-147.19	63.481	2.5	163.98	0.3
-147.18	63.477	1.45	173.35	0.3
-147.22	63.498	1.45	148.49	0.3
-147.21	63.502	2.5	123.37	0.3
-147.19	63.51	2.5	129.31	0.3
-143.65	62.88	1	130.98	0.3
-148.1	62.056	2	226.18	0.3
-147.74	63.569	2.5	159.77	0.3
-143.28	63.242	2.5	217.45	0.3
-147.08	63.52	2.5	100.76	0.3
-144.03	63.017	2.5	215.32	0.3
-149.1	63.517	1.5	188.4	0.3
-147.7	63.475	1.45	154.05	0.3
-144.39	63.135	0.5	168.22	0.3
-143.55	62.854	2.5	233.77	0.3
-148.24	63.497	1	181.42	0.3
-148.26	63.483	1.45	120.93	0.3
-147.21	63.501	2.5	146.59	0.3
-147.23	63.497	2.5	122.51	0.3
-147.19	63.476	1.55	143.51	0.3
-147.2	63.537	2.5	131.38	0.3
-148.25	63.479	2.5	122.51	0.3
-144.38	63.128	2	139.82	0.3
-149.85	63.65	2.5	157.82	0.3
-146.08	63.482	0.5	180.97	0.3
-143.76	62.953	2.5	213.44	0.3
-146.09	63.489	1	147.19	0.3
-147.83	63.538	1	179.21	0.3
-147.87	63.517	2.5	102.91	0.3
-148.13	62.017	0.5	194.96	0.3
-147.44	63.586	2.5	188	0.3
-147.22	63.507	2.5	135.34	0.3
-147.2	63.506	2	136	0.3
-141.06	60.176	1.45	151.71	0.3
-145.52	62.141	2.5	133.22	0.3
-145.48	62.101	2.5	164.58	0.3
-147.51	63.972	1.55	89.142	0.3
-151.13	63.287	2.5	158.75	0.3
-147.79	63.474	0.5	168.08	0.3
-156.18	65.904	1.55	174.64	0.3
-141.71	59.97	2.5	197.38	0.3
-142.47	62.28	0.5	171.22	0.3
-148.1	63.489	1.55	146.68	0.3
-146.97	63.533	1.45	244.52	0.3
-147.2	63.594	2.5	94.062	0.3
-146.01	63.428	2	210.89	0.3
-147.23	63.541	2.5	161.56	0.3
-147	63.543	2.5	77.616	0.3
-147.29	63.29	0.5	140.71	0.3
-147.21	63.497	1.45	124.59	0.3
-147.2	63.481	1.55	204.07	0.3
-143.74	62.912	2.5	228.12	0.3
-156.69	57.306	1.45	180.21	0.3
-147.18	63.476	2.5	188.69	0.3
-147.42	63.52	2.5	194.36	0.3
-147.07	63.55	1.5	147.11	0.3
-143.61	62.911	1.55	192.89	0.3
-147.3	63.541	1	205.58	0.3
-147.83	63.539	2.5	161.51	0.3
-145.44	63.329	2.5	143.96	0.3
-147.04	62.438	2	167.41	0.3
-147.39	63.576	1.45	239.41	0.3
-149.58	66.605	1.45	163.57	0.3
-144.51	63.13	1	229.44	0.3
-145.37	63.332	0.5	184.26	0.3
-145.94	63.482	1.45	146.21	0.3
-145.95	63.474	2	110.7	0.3
-147.24	63.512	2	125.15	0.3
-147.01	63.542	1	138.17	0.3
-147.31	63.547	2	123.81	0.3
-142.92	62.599	1.55	195.39	0.3
-146.97	63.547	0.5	245.59	0.3
-146.99	63.547	0.5	98.267	0.3
-144.42	63.165	1.45	210.78	0.3
-147.7	64.475	1.55	186.08	0.3
-146.83	63.539	2.5	100.88	0.3
-144.82	63.443	1	147	0.3
-150.85	63.541	2.5	86.511	0.3
-144.35	63.157	1.45	248.46	0.3
-148.85	62.761	0.5	219.08	0.3
-142.44	62.33	1.45	187.57	0.3
-151.3	63.198	2.5	141.4	0.3
-145.45	62.176	1.45	139.21	0.3
-147.22	63.52	2.5	156	0.3
-147.18	63.517	2.5	181.46	0.3
-146.07	63.511	1.45	154.78	0.3
-149.45	63.947	1.45	116.62	0.3
-149.48	63.94	2.5	83.626	0.3
-148.56	63.464	2.5	194.41	0.3
-145.12	63.295	1.55	164.55	0.3
-144.12	66.789	1.45	182.02	0.3
-149.32	63.133	1.55	108.71	0.3
-150.07	64.157	2	149.48	0.3
-148.06	62.106	0.5	205.68	0.3
-144.47	63.123	1.5	209.55	0.3
-147.9	63.52	2.5	96.711	0.3
-147.74	63.492	1.55	166.42	0.3
-145.5	62.166	2.5	160.62	0.3
-140.4	61.337	1.45	192.35	0.3
-145.18	63.383	2.5	175.59	0.3
-144.39	63.15	1	229.27	0.3
-144.53	63.133	2.5	79.29	0.3
-147.42	63.528	1	147.46	0.3
-144.36	63.128	2.5	177.29	0.3
-141.48	62.302	1.55	187.29	0.3
-144.94	63.368	1.55	211.41	0.3
-149.85	63.66	1.55	149.08	0.3
-148.25	63.457	2	132.45	0.3
-147.57	63.457	1.55	150.26	0.3
-147.53	63.462	1.55	187.51	0.3
-152.01	64.474	1.55	106.22	0.3
-145.32	63.285	2.5	166.71	0.3
-156.38	67.808	0.5	157.37	0.3
-148.19	63.485	1.55	170.89	0.3
-147.99	63.515	2.5	170.69	0.3
-147.38	60.911	0.5	188.56	0.3
-147.75	63.489	2.5	183.36	0.3
-143.62	62.849	1.45	240.09	0.3
-146.63	64.552	2.5	186.65	0.3
-147.53	63.575	2.5	203.45	0.3
-146.85	63.521	1	236.26	0.3
-144.95	63.274	1.55	180.87	0.3
-147.72	60.435	1.45	172.86	0.3
-147.84	63.55	2.5	157.8	0.3
-140.81	64.805	1.55	191.09	0.3
-147.4	63.499	2.5	176.8	0.3
-147.54	63.454	1	138.31	0.3
-146.85	63.529	2.5	195.35	0.3
-136.48	59.344	2.5	207.83	0.3
-145.65	62.216	2	235.92	0.3
-144.83	63.216	1.55	188.64	0.3
-147.64	63.495	2.5	112.51	0.3
-146.58	65.875	2	186.9	0.3
-145.14	63.289	0.5	169.91	0.3
-145.6	62.211	2.5	207.42	0.3
-148.16	63.542	2.5	218.25	0.3
-148.11	63.494	2.5	174.28	0.3
-149.78	62.685	2.5	136.51	0.3
-145.62	62.181	1.55	193.76	0.3
-145.67	62.18	0.5	211.27	0.3
-151.31	63.199	2.5	108.24	0.3
-143.49	62.684	0.5	214.97	0.3
-143.43	62.675	0.5	163.15	0.3
-143.42	62.662	1.45	163.29	0.3
-143.4	62.663	0.5	192.05	0.3
-151.48	63.138	1.5	103.44	0.3
-146.67	64.507	1.45	180.6	0.3
-146.61	61.47	0.5	177.35	0.3
-147.71	63.552	1.45	177.41	0.3
-150.44	62.014	1.55	236.32	0.3
-147.6	63.524	2.5	227.43	0.3
-145.08	63.264	0.5	189.25	0.3
-145.61	62.206	0.5	204.44	0.3
-145.62	62.221	2	150.66	0.3
-143.68	62.914	2.5	199.56	0.3
-151.43	63.054	1.45	106.93	0.3
-149.1	64.887	1	221.97	0.3
-146.79	63.596	2	191.7	0.3
-148.67	62.888	1	132.86	0.3
-143.13	63.126	2.5	244.37	0.3
-144.31	63.128	0.5	193.09	0.3
-147.53	63.478	2.5	227.04	0.3
-149.01	63.484	1.45	100	0.3
-148.13	62.128	0.5	244.63	0.3
-148.01	62.122	2.5	248.55	0.3
-137.33	59.787	2	200.07	0.3
-147.53	60.469	0.5	185.37	0.3
-147.65	60.884	0.5	192.78	0.3
-145.15	63.264	1.55	109.51	0.3
-148.76	62.865	2	161.43	0.3
-151.5	63.288	1.55	128.61	0.3
-146.37	61.613	1.45	219.88	0.3
-145.18	63.356	1.45	83.721	0.3
-145.89	63.463	2	79.309	0.3
-143.99	62.999	2.5	190.2	0.3
-145.91	63.467	0.5	198.47	0.3
-145.87	63.434	1.45	114.34	0.3
-144.1	63.025	2.5	204.46	0.3
-139.34	60.104	2.5	142	0.3
-139.35	60.11	2.5	154.13	0.3
-151.45	63.017	1.55	86.226	0.3
-147.36	63.363	2.5	123.72	0.3
-143.25	63.179	1.45	161.66	0.3
-143.67	62.889	1.55	214.06	0.3
-147.67	63.583	2.5	85.582	0.3
-147.51	63.454	2.5	154.45	0.3
-147.65	63.587	2	135.8	0.3
-142.39	62.259	1.55	78.255	0.3
-151.08	63.257	2.5	163.75	0.3
-148.02	61.885	1.45	250.27	0.3
-147	63.332	2.5	238.89	0.3
-146.52	61.454	0.5	208.59	0.3
-146.53	61.447	1.55	195.91	0.3
-147.52	63.604	2	181.66	0.3
-151.39	63.27	2.5	134.24	0.3
-144.46	63.142	2	238.92	0.3
-142.66	60.531	2.5	245.83	0.3
-148.09	62.289	1.5	119.98	0.3
-140.87	60.244	1.55	145.85	0.3
-147.92	65.046	1.45	133.76	0.3
-152.07	63.262	1.45	146.6	0.3
-151.99	61.208	1.45	162.3	0.3
-148.49	65.972	1.45	165.14	0.3
-147.98	62.144	0.5	216.14	0.3
-147.42	63.596	1.55	151.78	0.3
-146.87	63.529	2	146.38	0.3
-147.91	62.273	1.45	231.57	0.3
-147.99	62.125	0.5	216.16	0.3
-148.5	61.188	2.5	233.96	0.3
-147.4	63.617	2.5	221.46	0.3
-150.11	61.843	1.45	106.73	0.3
-150.1	59.615	1	115.9	0.3
-150.36	62.265	1.45	108.58	0.3
-149.89	63.131	2.5	158.23	0.3
-147.31	63.583	2.5	220.86	0.3
-143.78	62.925	1.55	213.65	0.3
-141.43	61.617	1.55	186.68	0.3
-141.4	61.598	1.45	194.85	0.3
-147.8	61.929	1.45	194.51	0.3
-147.25	63.527	1.55	176.63	0.3
-143.45	62.763	2	226.6	0.3
-143.58	63.097	1.55	228.6	0.3
-143.6	63.099	2	74.27	0.3
-143.62	63.097	2.5	110.49	0.3
-143.61	63.094	2.5	144.41	0.3
-143.61	63.085	1.55	218.76	0.3
-141.63	62.323	1.45	115.74	0.3
-146.53	61.686	1.45	204.6	0.3
-143.5	63.082	2	79.699	0.3
-147.41	60.477	1.55	143.41	0.3
-149.96	66.387	1.45	169.06	0.3
-147.91	62.15	0.5	106.04	0.3
-147.87	63.533	1.45	102.07	0.3
-145.23	63.266	2.5	165.37	0.3
-147.9	63.536	2.5	233.63	0.3
-148.25	62.378	2.5	131.56	0.3
-143.19	63.159	1.45	240.74	0.3
-147.51	63.448	1.55	226.72	0.3
-148.22	62.166	0.5	226.19	0.3
-151.43	63.047	1.45	81.152	0.3
-147.53	60.595	1.45	164.12	0.3
-150.83	61.073	1.55	74.534	0.3
-149.07	62.939	1.55	140.63	0.3
-152.96	59.504	1.45	175.04	0.3
-147.03	63.52	2.5	141.55	0.3
-148.33	63.445	1.45	88.316	0.3
-145.5	62.177	2.5	152.11	0.3
-158.99	67.655	1.45	145.9	0.3
-145.46	62.174	1.45	168.19	0.3
-143.62	63.08	1.55	224.29	0.3
-143.32	65.28	1.55	174.61	0.3
-146.63	63.782	2	167.12	0.3
-151.6	63.082	2.5	127.58	0.3
-143.52	63.128	2	201.64	0.3
-142.69	66.297	1.45	175.62	0.3
-142.55	66.315	1.45	203.11	0.3
-142.55	66.292	1.45	204.42	0.3
-142.17	66.279	1.45	195.67	0.3
-142.3	66.278	1.45	188.13	0.3
-145.78	69.661	1.45	166.63	0.3
-148.82	68.064	1.45	146.42	0.3
-142.3	66.257	1.45	87.869	0.3
-145.44	62.166	2.5	224.8	0.3
-153.05	59.512	1.45	168.04	0.3
-148.32	63.464	0.5	89.801	0.3
-142.29	66.277	1.55	130.82	0.3
-148.36	62.143	1	162.74	0.3
-142.37	66.261	1.55	173.77	0.3
-149.52	63.255	1.45	112.68	0.3
-149.06	63.502	1.45	100.07	0.3
-149.94	63.922	1.55	157.58	0.3
-152.26	63.506	2.5	77.809	0.3
-147.3	63.548	0.5	154.48	0.3
-147.94	62.121	1.55	200.77	0.3
-151.23	63.474	2.5	122.1	0.3
-147.41	63.621	2	114.32	0.3
-147.41	63.613	1.55	157.93	0.3
-147.2	66.814	1.55	158.9	0.3
-147.32	63.596	1.55	123.72	0.3
-146.51	61.587	0.5	229.54	0.3
-149.2	62.317	2.5	86.283	0.3
-140.41	60.026	1	139.57	0.3
-142.74	60.658	1.55	166.18	0.3
-151.41	63.271	1.55	135.62	0.3
-145.48	62.137	2.5	88.816	0.3
-145.38	63.332	1	163.59	0.3
-147.5	60.667	0.5	197.84	0.3
-142.43	60.081	2.5	174.5	0.3
-147.33	60.899	2.5	208.34	0.3
-143.51	63.093	1.55	228.97	0.3
-143.55	63.116	1.55	229.23	0.3
-143.58	63.102	1.45	139.38	0.3
-152.93	59.511	1.55	165.04	0.3
-147.69	64.222	2.5	201.6	0.3
-153.04	59.548	1.45	143.49	0.3
-148.67	62.272	1.5	86.772	0.3
-143.63	60.381	1.55	87.355	0.3
-153.06	59.463	1.45	179.09	0.3
-141.45	60.052	2.5	170.72	0.3
-146.83	61.257	1.45	205.39	0.3
-155.85	57.846	1	196.46	0.3
-143.66	62.849	0.5	126.46	0.3
-141.62	60.065	2	166.85	0.3
-147.87	62.06	2.5	228.86	0.3
-144.18	63.115	2	209.39	0.3
-147.14	63.951	1.55	171.96	0.3
-137.28	59.049	1.45	108.03	0.3
-140.51	62.277	1.45	195.63	0.3
-151.54	63.084	1	80.025	0.3
-147.6	63.458	1.45	205.56	0.3
-139.4	60.418	1.55	176.3	0.3
-145.21	63.329	2.5	209.9	0.3
-141.72	62.186	2.5	203.72	0.3
-141.75	62.182	1.55	173.11	0.3
-141.8	62.183	2.5	194.79	0.3
-140.8	61.245	0.5	170.77	0.3
-151.31	63.18	1.55	164.25	0.3
-139.24	59.719	2	210.19	0.3
-149.37	64.653	1.55	171.23	0.3
-154.26	57.581	1.5	212.81	0.3
-148.52	62.251	1.5	248.98	0.3
-143.74	62.89	1.55	227.15	0.3
-147.37	63.559	2	210.83	0.3
-137.04	59.317	2.5	249.96	0.3
-152.41	65.256	1.45	123.83	0.3
-149.47	61.665	0.5	153.74	0.3
-148.08	62.168	2.5	105.94	0.3
-150.82	64.295	1.55	122.11	0.3
-147.43	63.622	2.5	173.54	0.3
-150.86	63.577	2.5	239.82	0.3
-148.64	62.125	0.5	233.14	0.3
-144.53	63.13	2.5	168.89	0.3
-147.49	64.252	2.5	205.22	0.3
-151.32	63.417	2.5	155.59	0.3
-146.3	66.782	1.5	220.37	0.3
-150.37	63.291	2.5	128.06	0.3
-151.16	63.323	2.5	198.87	0.3
-147.32	62.296	0.5	183.47	0.3
-138.52	60.888	1.45	159.7	0.3
-147.33	60.403	1.55	197.81	0.3
-144.31	63.141	1.45	210.75	0.3
-152.72	63.133	1.45	115.25	0.3
-146.5	61.381	2	200.63	0.3
-144.78	69.797	1.55	123.41	0.3
-148.82	62.066	0.5	196.26	0.3
-140.35	60.384	1.45	136.06	0.3
-145.46	63.325	2.5	209.04	0.3
-153.39	62.212	2	76.539	0.3
-152.79	59.5	1.45	142.87	0.3
-143.22	60.439	2	146.3	0.3
-146.55	61.233	2	174.84	0.3
-147.32	63.581	1	147.04	0.3
-142.9	60.644	0.5	123.74	0.3
-151.24	63.537	1.45	134.68	0.3
-145.98	63.5	1.55	193.73	0.3
-143.3	63.078	1.55	246.97	0.3
-140.51	60.077	2	171.2	0.3
-146.7	61.468	1.45	185.09	0.3
-151.48	63.119	2.5	97.189	0.3
-155.77	59.782	1.55	119.28	0.3
-142.35	66.29	2	129.23	0.3
-141.77	62.173	1.55	183.57	0.3
-151.52	63.092	1.45	120.07	0.3
-141.24	59.994	2.5	198.55	0.3
-151.47	63.096	1.45	114.79	0.3
-151.53	63.091	1.55	116	0.3
-145.79	61.093	1.55	164.58	0.3
-147.08	61.803	1.55	197.8	0.3
-149.46	64.987	1.45	133.03	0.3
-145.94	66.795	1.45	140.89	0.3
-141.51	60.213	2.5	146.25	0.3
-151.37	63.194	1.55	125.75	0.3
-148.57	62.284	0.5	86.327	0.3
-145.66	62.145	0.5	178.51	0.3
-147.83	62.051	1.55	232.99	0.3
-147.85	61.946	1.55	201.14	0.3
-141.59	60.045	2	159.83	0.3
-148.54	65.114	1.45	116.78	0.3
-145.63	62.145	2.5	138.32	0.3
-154.8	56.928	1.55	156.47	0.3
-147.54	61.675	0.5	223.79	0.3
-142.93	60.352	1.55	126.36	0.3
-146.93	61.785	0.5	221.43	0.3
-147.32	63.567	2.5	114.76	0.3
-149.43	62.75	1.45	134.51	0.3
-154.37	58.566	0.5	164.72	0.3
-149.01	64.93	1.45	157.24	0.3
-149.04	64.932	1	158.52	0.3
-149.02	64.809	1	175.86	0.3
-147.57	63.447	1.55	158.97	0.3
-151.74	60.711	1.45	191.3	0.3
-148.57	62.056	1	224.08	0.3
-149.19	62.153	0.5	233.2	0.3
-150.75	63.569	1.55	142.39	0.3
-142.34	66.025	1.45	172.3	0.3
-137.03	59.278	2.5	232.9	0.3
-148.83	61.363	0.5	84.984	0.3
-148.07	61.465	0.5	189.02	0.3
-143.7	62.857	1.55	197.55	0.3
-146.67	63.536	1.55	145.41	0.3
-148.2	60.424	1	230.36	0.3
-141.08	61.173	1.45	200.48	0.3
-152.33	64.124	0.5	123.68	0.3
-152.78	62.964	2.5	123.94	0.3
-145.09	63.291	1.55	223.13	0.3
-142.2	66.438	0.5	183.1	0.3
-149.14	64.912	1.55	180.88	0.3
-147.18	63.746	2	176.35	0.3
-142.19	66.258	1.45	193.35	0.3
-150.13	62.228	1.55	86.53	0.3
-145.16	63.322	1.55	96.542	0.3
-144.08	63.333	1.55	198.99	0.3
-146.63	67.033	1.45	151.06	0.3
-143.75	62.801	2	212.14	0.3
-151.49	63.26	2.5	156.15	0.3
-150.92	63.563	2.5	172.04	0.3
-145.09	63.234	1.55	186.25	0.3
-151.93	61.509	1.45	211.59	0.3
-147.84	60.367	1.55	176.01	0.3
-146.66	61.729	1.45	221	0.3
-143.69	63.303	1.55	205.24	0.3
-151.23	61.559	1	77.026	0.3
-146.33	61.618	0.5	237.17	0.3
-141.37	61.653	1.55	186.59	0.3
-146.73	64.428	1.55	217.34	0.3
-145.17	63.307	2.5	185.48	0.3
-149.77	61.474	2	153.1	0.3
-151.35	63.251	1.55	139.59	0.3
-143.89	60.566	1.5	227.18	0.3
-147.1	60.167	1.45	182.43	0.3
-145.76	61.35	1.45	192.39	0.3
-143.99	62.895	1.45	200.73	0.3
-147.13	60.168	1.45	147.44	0.3
-141.57	62.258	1.45	181.07	0.3
-150.58	65.827	1.45	169.08	0.3
-151.13	60.974	2.5	247.32	0.3
-145.12	63.351	2.5	205.66	0.3
-150.81	63.582	2.5	153.78	0.3
-141.49	60.062	2.5	147.22	0.3
-151.56	63.02	1.45	111.79	0.3
-152.05	60.676	1.45	159.45	0.3
-139.09	59.865	1.55	147.29	0.3
-147.92	65.557	1.55	154.28	0.3
-145.39	65.681	1.55	134.18	0.3
-149.49	61.939	0.5	138.64	0.3
-143.18	60.441	1.45	131.29	0.3
-148.35	63.536	1.55	115.58	0.3
-141.99	66.478	1.55	146.96	0.3
-136.7	58.952	1.45	77	0.3
-146.79	61.331	0.5	212.34	0.3
-151.57	63.086	2.5	133.03	0.3
-141.23	60.336	1.45	244.73	0.3
-150.1	61.883	1.45	89.635	0.3
-146.22	61.253	0.5	197.28	0.3
-146.81	61.378	1.45	209.22	0.3
-150.02	61.761	2	92.061	0.3
-144.13	63.03	1.45	162.44	0.3
-149.46	63.657	2.5	152.63	0.3
-149.53	64.592	2.5	145.45	0.3
-141.69	60.651	1.55	155.73	0.3
-148.64	65.122	0.5	132.85	0.3
-140.99	61.872	1.55	165.09	0.3
-147.34	63.549	1.55	165.86	0.3
-147.56	60.363	1.5	181.64	0.3
-141.53	60.607	1.45	220.05	0.3
-140.64	60.065	1.45	142.2	0.3
-151.7	63.094	1.55	103.98	0.3
-140.5	59.98	2	84.315	0.3
-140.96	60.224	2.5	197.85	0.3
-140.42	60.757	1.45	82.951	0.3
-151.09	63.292	2	157.51	0.3
-146.8	61.395	0.5	225.54	0.3
-138.18	59.201	1.55	80.336	0.3
-147.76	64.641	1.45	201.49	0.3
-147.41	63.444	1.55	129.37	0.3
-141.07	61.528	2	204	0.3
-147.73	61.621	0.5	159.7	0.3
-144.43	63.166	2	239.34	0.3
-150.9	63.556	2.5	165.19	0.3
-145.54	63.285	2.5	211.35	0.3
-141.67	60.26	2.5	178.77	0.3
-141.92	60.335	2.5	179.29	0.3
-146.88	63.523	0.5	84.814	0.3
-147.91	64.502	1.45	166.98	0.3
-147.88	64.492	1.55	161.29	0.3
-150.05	63.417	2	151.36	0.3
-148.8	63.857	2.5	169.15	0.3
-146.88	63.53	0.5	97.622	0.3
-146.87	63.519	1	246.43	0.3
-149.67	61.747	1.55	78.821	0.3
-141.29	61.931	1	180.86	0.3
-143.72	60.718	0.5	111.3	0.3
-143.06	60.494	1.45	230.83	0.3
-143.7	60.725	0.5	108.5	0.3
-143.71	60.727	1.45	123.56	0.3
-145.08	65.806	1.55	144	0.3
-149.43	61.941	0.5	178.4	0.3
-146.7	61.469	0.5	163.3	0.3
-148.7	63.893	1.45	167.47	0.3
-147.03	61.618	0.5	196.56	0.3
-148.61	65.098	0.5	136.4	0.3
-147.92	61.956	0.5	210.25	0.3
-140.59	60.143	2	184.68	0.3
-140.65	60.016	2.5	133.62	0.3
-150.42	65.821	1.45	174.07	0.3
-149.11	64.999	1.45	177.06	0.3
-163.59	54.613	1.55	133.73	0.3
-153.96	58.331	1.45	169.6	0.3
-151.45	63.127	2.5	117.81	0.3
-151.48	63.126	1.55	102.08	0.3
-147.67	63.596	2	162.65	0.3
-148.53	61.98	0.5	216.67	0.3
-151.34	63.162	1.55	162.54	0.3
-151.37	63.236	1.55	107.31	0.3
-147.75	63.557	0.5	98.254	0.3
-150.96	63.538	2.5	104.05	0.3
-147.44	63.504	2.5	172.35	0.3
-154.09	57.094	1.45	152.41	0.3
-146.75	60.953	0.5	168.36	0.3
-142.77	61.874	1.55	147.36	0.3
-147.64	61.404	2.5	213.94	0.3
-146.63	61.624	1	213.37	0.3
-148.84	63.569	1.45	152.58	0.3
-142.78	61.896	1.45	158.67	0.3
-151.78	64.458	1.45	171.65	0.3
-142.82	61.871	1.45	143.3	0.3
-143.44	60.445	1.55	118.4	0.3
-143.25	60.66	1.55	147.11	0.3
-152.24	58.727	2.5	160.29	0.3
-149.63	61.719	1.45	127.47	0.3
-139.5	60.434	1.55	166.22	0.3
-145.25	65.161	2.5	192.43	0.3
-151.12	63.294	1.55	90.296	0.3
-143.74	62.897	1.55	222.45	0.3
-143.8	62.875	1.45	219.94	0.3
-147.82	61.965	0.5	217.69	0.3
-151.29	63.249	2	148.69	0.3
-144.28	65.539	1	133.55	0.3
-151.54	63.132	1.55	223.93	0.3
-149.92	65.594	1	134.45	0.3
-147.89	60.562	2.5	185.34	0.3
-142.96	60.685	2.5	234.05	0.3
-140.65	60.276	2.5	173	0.3
-149.18	62.106	0.5	222	0.3
-146.58	61.333	2	217.04	0.3
-145.18	63.328	2.5	182.43	0.3
-152.67	60.505	1.45	109.56	0.3
-152.67	60.5	1.45	111.68	0.3
-152.29	61.901	0.5	194.41	0.3
-142.79	61.868	2.5	149.35	0.3
-151.91	61.504	1	159.11	0.3
-147.37	63.545	2.5	152.59	0.3
-181.11	51.697	1.5	146.89	0.3
-149.15	61.181	1.55	188.03	0.3
-146.79	61.917	0.5	196.44	0.3
-151.25	61.655	1.55	158.71	0.3
-147.11	63.255	2	148.66	0.3
-141.4	60.028	2.5	145.8	0.3
-148	64.795	1.45	187.32	0.3
-151.18	63.443	1.5	138.53	0.3
-177.91	51.882	0.5	102.69	0.3
-148.02	64.78	1.45	156.66	0.3
-148.04	64.788	1	171.09	0.3
-148.06	64.785	1.45	162.14	0.3
-148.03	64.786	1	175.95	0.3
-157.57	66.398	1.45	118.97	0.3
-148.05	64.799	1.45	161.17	0.3
-141.42	59.994	2	92.543	0.3
-141.4	59.998	2	121.18	0.3
-148.08	64.777	1	213.19	0.3
-136.66	58.77	2.5	96.732	0.3
-151.07	63.553	2	138.99	0.3
-152.74	62.094	2.5	98.332	0.3
-155.83	57.786	1.55	147.15	0.3
-179.26	51.663	1.45	151.91	0.3
-151.52	63.116	2.5	130.95	0.3
-152.66	60.513	2.5	123.92	0.3
-151.25	63.542	1.45	147.19	0.3
-148.76	65.416	1.55	141.15	0.3
-147.97	65.521	1.55	154.62	0.3
-142.72	60.577	1.55	228.06	0.3
-151.13	63.327	2.5	174.83	0.3
-147.35	63.555	2.5	136.72	0.3
-151.43	63.209	1.55	104.04	0.3
-147.42	61.358	0.5	179.01	0.3
-151.11	63.289	2	162.17	0.3
-151.11	63.294	2.5	196.79	0.3
-149.49	64.613	1.45	150.53	0.3
-141.16	60.357	2	86.962	0.3
-141.62	60.593	2.5	176.52	0.3
-149.88	62.594	1.5	222.31	0.3
-149.48	64.613	1.55	167.15	0.3
-150.55	64.823	1.45	147.03	0.3
-141.39	60.158	2	161.19	0.3
-142.74	60.575	1.55	212.19	0.3
-151.04	63.566	2	121.63	0.3
-147.79	63.549	1.55	114.63	0.3
-146.77	61.438	1	173.92	0.3
-147.9	61.644	1.45	221.55	0.3
-147.57	63.044	1.45	171.19	0.3
-149.91	66.21	2.5	159.74	0.3
-151.34	63.227	2.5	120.66	0.3
-151.32	63.046	1.55	112.1	0.3
-148.27	63.477	1.45	120.3	0.3
-147.31	63.565	0.5	141.42	0.3
-151.46	63.1	1.55	83.549	0.3
-151.08	60.943	1.55	80.652	0.3
-150.41	61.779	1.55	104.62	0.3
-151.04	63.326	1.45	105.11	0.3
-148.29	65.645	1.55	160.14	0.3
-151.34	63.208	2.5	153.25	0.3
-145.49	63.352	2	196.63	0.3
-147.21	64.518	1.55	149.85	0.3
-148.9	62.159	0.5	230	0.3
-150.93	63.574	2.5	161.82	0.3
-149.56	61.802	1.55	74.864	0.3
-148.11	64.27	2.5	196.41	0.3
-141.4	59.956	2.5	142.15	0.3
-146.29	63.623	1.45	199	0.3
-144.55	60.441	1.5	199.96	0.3
-150.37	63.994	1.55	153.47	0.3
-148.58	62.228	0.5	162.13	0.3
-141.17	60.073	2.5	201.45	0.3
-145.16	63.344	2.5	192	0.3
-152.09	61.235	2.5	176.21	0.3
-146.47	61.498	1.45	222.18	0.3
-151.14	63.31	2.5	183.27	0.3
-145.24	63.32	2.5	178.81	0.3
-147.87	63.517	2.5	149.46	0.3
-147.04	63.356	2.5	160.98	0.3
-143.49	63.203	2.5	241.27	0.3
-155.13	58.253	0.5	158.19	0.3
-152.2	61.303	0.5	133.42	0.3
-143.21	60.677	1	209.92	0.3
-147.02	63.371	1.55	141.17	0.3
-147.03	63.353	1.55	155.02	0.3
-149.55	61.798	1.55	71.301	0.3
-151.2	63.293	2.5	107.55	0.3
-145.13	63.344	2.5	189.1	0.3
-147.44	63.613	2.5	175.08	0.3
-144.95	63.341	1.45	187.68	0.3
-150.23	63.95	1.55	128.98	0.3
-146.79	61.411	0.5	187.73	0.3
-147.25	60.678	1.45	189.97	0.3
-147.94	66.494	1.5	133	0.3
-152.14	62.598	1.45	238.68	0.3
-146.87	63.522	0.5	97.622	0.3
-151.23	63.47	1.45	249.53	0.3
-149.51	62.066	1.55	127.3	0.3
-148.46	62.023	1.45	219.71	0.3
-142.73	60.592	2.5	225.87	0.3
-145.23	63.263	2.5	198.62	0.3
-147.55	60.301	2	249.21	0.3
-147.77	60.386	1.45	193.88	0.3
-147.49	63.517	2.5	122.74	0.3
-151.25	63.503	2.5	148.53	0.3
-145.67	62.19	1.55	176.18	0.3
-145.12	63.35	1.45	181.2	0.3
-149.38	65.93	1.55	142.06	0.3
-145.12	63.344	2.5	183.14	0.3
-147.18	60.711	1.45	205	0.3
-151.03	63.544	2.5	110.04	0.3
-141.47	61.922	2.5	187.98	0.3
-147.24	63.585	2.5	162.26	0.3
-147.03	61.027	0.5	190.98	0.3
-148.83	62.205	2.5	237.89	0.3
-145.15	63.279	2.5	181.49	0.3
-150.45	65.93	2.5	146.54	0.3
-150.45	65.939	1.55	143.81	0.3
-157.64	66.403	1.55	120.28	0.3
-151.34	61.693	1.55	148.54	0.3
-147.39	61.841	1.55	70.923	0.3
-151.32	63.459	2.5	140.54	0.3
-141.35	60.566	2	230.09	0.3
-141.8	60.286	2.5	140.29	0.3
-143.39	60.519	2.5	179.59	0.3
-149.13	62.054	0.5	71	0.3
-143.4	60.539	2	179.54	0.3
-141.08	60.22	2.5	175.78	0.3
-155.78	58.389	1.45	147.37	0.3
-150.45	64.008	2	164.86	0.3
-151.74	62.872	2.5	117.89	0.3
-147.83	61.179	1.5	198.16	0.3
-148.55	62.219	2.5	212.41	0.3
-148.6	62.207	2.5	233	0.3
-147.56	63.766	0.5	208.81	0.3
-140.83	60.135	2	176.2	0.3
-147.55	63.679	2.5	155.39	0.3
-142.64	60.561	1.55	219.27	0.3
-146.72	63.531	2	185.29	0.3
-143.23	62.694	1.55	155	0.3
-151.14	63.323	2.5	200.7	0.3
-157.05	58.12	1.45	116.68	0.3
-144.78	66.354	2.5	195.32	0.3
-157.04	58.105	1.45	132.13	0.3
-146.81	60.779	0.5	182.89	0.3
-148.97	64.917	1.55	177.89	0.3
-143.21	60.676	1.55	158.33	0.3
-152.97	63.507	1.55	216.81	0.3
-140.61	60.119	2.5	168.31	0.3
-148	61.558	2.5	217.06	0.3
-136.46	59.361	1.55	219.14	0.3
-145.23	63.218	2.5	189.83	0.3
-140.53	60.068	2.5	139.61	0.3
-149.76	66.362	1.45	155.73	0.3
-141.73	60.209	1.55	172.08	0.3
-150.5	61.805	2	125.53	0.3
-140.7	60.248	2.5	146.58	0.3
-150.74	63.607	2.5	171	0.3
-143.16	60.43	2	202.14	0.3
-149.22	61.899	1.5	98.367	0.3
-148.75	62.349	0.5	147.49	0.3
-150.01	64.129	2.5	141.18	0.3
-146.44	63.806	1.55	196.96	0.3
-141.29	60.317	2.5	171.24	0.3
-148.56	59.896	2	191.3	0.3
-153.88	61.741	1.45	72.518	0.3
-138.85	59.785	2.5	231.94	0.3
-149.61	64.705	1.55	173.11	0.3
-142.55	60.628	0.5	156.58	0.3
-145.09	63.347	2.5	194.35	0.3
-139.08	59.913	1.45	122.66	0.3
-147.92	63.517	2.5	133.51	0.3
-147.08	63.298	1.55	162.79	0.3
-155.62	58.243	1.45	170.2	0.3
-141.01	60.152	1.55	162.43	0.3
-147.54	64.853	1.45	199.22	0.3
-147.67	63.55	1.55	125.03	0.3
-141.37	60.261	1.5	159.97	0.3
-151.36	59.486	0.5	160.65	0.3
-147.82	62.084	1.45	220.97	0.3
-140.63	60.373	0.5	159.24	0.3
-148.66	62.967	0.5	78.909	0.3
-147.69	60.369	1.45	169.8	0.3
-151.45	63.313	1.55	157.66	0.3
-151.65	62.477	2.5	104.8	0.3
-146.19	69.186	1.5	137.75	0.3
-146.58	61.483	0.5	180.39	0.3
-150.01	62.158	1.45	116.14	0.3
-142.78	60.608	1	188.86	0.3
-152.13	64.834	1.45	165.29	0.3
-147.66	60.986	1.45	192.03	0.3
-146.83	60.781	0.5	187.35	0.3
-151.46	63.304	2.5	159.76	0.3
-152.42	61.142	1.55	122.68	0.3
-148.68	63.679	1.45	122.76	0.3
-146.64	61.475	1.45	191.64	0.3
-141.04	60.176	1.45	165.34	0.3
-150.11	62.304	1.45	117.58	0.3
-146.43	61.588	0.5	236.44	0.3
-147.82	61.489	0.5	238.74	0.3
-141.49	60.259	2.5	179.7	0.3
-142.52	62.274	1.45	210.49	0.3
-154.87	59.287	1.45	128.5	0.3
-154.82	59.283	1.45	130.5	0.3
-151.68	62.773	1.5	86.93	0.3
-147.95	61.948	0.5	225.92	0.3
-146.83	60.797	1.45	173.4	0.3
-151.32	63.456	2.5	95.358	0.3
-151.06	60.568	0.5	241.77	0.3
-150.88	63.543	1.45	146.3	0.3
-141.32	61.56	2	198.03	0.3
-143.91	63.01	1.5	177.87	0.3
-151.51	63.312	1.55	129.66	0.3
-153.23	59.002	1.55	185.79	0.3
-145.41	63.342	2.5	184.07	0.3
-151.49	63.412	2.5	198.49	0.3
-144.76	60.478	1.55	81.254	0.3
-145.65	62.169	2.5	179.74	0.3
-147.16	64.521	1.55	145.7	0.3
-157.72	58.868	2	126.48	0.3
-141.15	60.082	2.5	180.63	0.3
-141.25	60.103	2.5	137.13	0.3
-147.78	63.496	1	143.87	0.3
-146.89	65.017	1.45	172.93	0.3
-140.57	61.665	1.55	209.16	0.3
-147.69	63.572	2.5	166.21	0.3
-149.33	59.377	1.45	167.48	0.3
-141.47	59.945	1.55	147.45	0.3
-146.68	61.401	0.5	242.01	0.3
-147.3	63.559	2.5	171.81	0.3
-149.09	63.796	2.5	111.81	0.3
-150.85	63.553	2.5	165.86	0.3
-143.61	62.92	1.45	186.86	0.3
-150.03	62.307	1.55	116.27	0.3
-145.41	63.376	2.5	180.91	0.3
-147.4	63.541	1.45	164.53	0.3
-146.74	61.36	0.5	216.46	0.3
-146.75	61.367	1.55	196.96	0.3
-140.92	60.134	2	156.82	0.3
-149.99	62.309	1.55	120.28	0.3
-161.48	55.56	1.55	142.1	0.3
-161.48	55.533	2.5	164.12	0.3
-147.12	60.8	1.55	181.07	0.3
-141.15	60.087	2.5	80.745	0.3
-141.19	60.069	2.5	248.53	0.3
-141.51	60.249	2.5	193.69	0.3
-147.45	63.58	0.5	232.12	0.3
-155.43	58.099	1.55	161.29	0.3
-148.87	62.095	0.5	231.87	0.3
-149	63.511	1.55	133.11	0.3
-141.52	59.95	1.55	216.77	0.3
-141.39	59.996	2	249.24	0.3
-166.87	65.374	1.45	118.01	0.3
-150.25	63.883	1.55	139.89	0.3
-142.85	60.269	1.5	123.95	0.3
-147.15	61.394	2.5	203.13	0.3
-141.65	60.612	0.5	71.753	0.3
-152.39	61.116	1.45	123.49	0.3
-154.53	58.399	1.45	204.66	0.3
-147.65	61.671	0.5	213.86	0.3
-140.77	60.044	2.5	179.88	0.3
-140.75	60.034	2.5	141.14	0.3
-140.76	60.026	2.5	180.81	0.3
-146.28	61.025	0.5	247.68	0.3
-153.23	59.78	1.55	173.39	0.3
-140.78	60.039	1	147.92	0.3
-147.63	63.533	2	166.62	0.3
-150.81	63.494	2.5	146.54	0.3
-150.29	61.272	1.55	80.996	0.3
-148.26	62.081	0.5	232.72	0.3
-151.44	63.418	2.5	131.26	0.3
-140.98	60.225	2.5	164.82	0.3
-145.51	65.729	1.55	146.21	0.3
-146.77	66.628	1.45	190.65	0.3
-147.03	64.608	1.45	218.04	0.3
-148.69	61.809	0.5	135.42	0.3
-136.61	59.06	0.5	97.753	0.3
-145.4	63.346	1.55	206.79	0.3
-145.41	63.351	1.55	210.59	0.3
-140.06	60.044	1.45	111.31	0.3
-151.92	62.683	2	238.81	0.3
-151.09	63.471	2.5	165.53	0.3
-147.36	60.74	2.5	195.93	0.3
-148.81	63.313	1.55	100.57	0.3
-144.21	63.063	1.45	182.86	0.3
-142.95	60.433	1.45	145.11	0.3
-141.19	60.195	2.5	167.45	0.3
-147.27	61.257	1.45	219.3	0.3
-147	63.946	1.55	164.58	0.3
-151.72	65.551	1.45	129.06	0.3
-152.06	65.026	1.45	140.26	0.3
-145.19	63.264	1.55	188.66	0.3
-141.57	60.047	1.45	135.85	0.3
-147.09	66.571	1	170.87	0.3
-150.8	63.583	2.5	143.9	0.3
-146.97	63.728	1.45	167.51	0.3
-140.78	60.085	1.45	145.64	0.3
-145.63	62.174	2	167.83	0.3
-140.76	59.965	2.5	177.64	0.3
-140.73	59.983	2.5	176.47	0.3
-147	61.351	1.45	219.25	0.3
-151.44	63.264	2	178.27	0.3
-148.04	63.159	2.5	165.5	0.3
-146.89	61.294	0.5	191.2	0.3
-140.46	60.486	2.5	88.872	0.3
-141.32	60.087	2	156.09	0.3
-149.37	61.875	1.55	81.798	0.3
-146.65	61.458	1.45	215.93	0.3
-149.22	62.992	2.5	116.9	0.3
-148.53	62.322	2.5	74.722	0.3
-151.11	63.264	1.55	160.05	0.3
-147.75	60.365	0.5	181.41	0.3
-140.78	60.061	2	168.57	0.3
-151.2	63.297	2	198.23	0.3
-149.34	64.653	1.45	147.01	0.3
-150.25	61.896	1.45	102.68	0.3
-153.7	57.423	2.5	110.61	0.3
-147.69	63.586	1.55	155.64	0.3
-141.14	59.878	2	158.34	0.3
-148.79	62.352	2.5	78.023	0.3
-154.31	58.538	0.5	198.01	0.3
-154.33	58.552	0.5	176.61	0.3
-154.35	58.557	1	154.38	0.3
-154.33	58.552	1	155.33	0.3
-150.36	61.04	2.5	89.428	0.3
-145.5	63.355	2.5	194.23	0.3
-147.76	63.552	0.5	106.98	0.3
-148.91	64.966	1.45	204.88	0.3
-146.29	61.512	0.5	224.15	0.3
-140.21	60.013	1.55	143.85	0.3
-156.01	58.356	1.55	131.8	0.3
-147.14	61.344	1.55	205.3	0.3
-140.16	60.042	2.5	149.2	0.3
-148.24	61.071	0.5	217.07	0.3
-141.23	60.333	0.5	102.86	0.3
-148.89	64.964	1.45	178.53	0.3
-150.93	61.973	2	250.58	0.3
-143.8	60.688	0.5	128.04	0.3
-140.63	60.071	2.5	169.68	0.3
-146.85	61.837	0.5	210.43	0.3
-151.98	65.147	1.55	183.39	0.3
-156.84	58.053	2.5	154.97	0.3
-141.89	60.515	0.5	117.57	0.3
-139.75	60.121	2.5	189.37	0.3
-147.55	63.561	1	213.08	0.3
-147.72	63.552	2.5	173.23	0.3
-146.8	60.353	1.55	190.96	0.3
-148.67	62.926	2.5	129.35	0.3
-141.24	59.892	1.55	191.51	0.3
-145.66	62.238	1.55	202.66	0.3
-141.81	60.407	2.5	164.13	0.3
-138.78	59.848	1.55	249.86	0.3
-150.33	60.912	2	198.38	0.3
-149.23	60.054	2.5	91.691	0.3
-153.08	60.024	1.5	131.72	0.3
-150.18	61.797	1.55	91.891	0.3
-151.21	63.316	2.5	224.16	0.3
-147.42	63.586	1	130.01	0.3
-140.63	59.957	2	110.05	0.3
-150.17	61.832	1.45	93.017	0.3
-153.05	60.039	1.55	106.22	0.3
-153.09	60.018	1	124.15	0.3
-145.66	62.241	2	235.52	0.3
-148.42	62.278	1.45	248.43	0.3
-150.98	61.301	1.55	97.596	0.3
-138.05	60.745	1.55	195.65	0.3
-149.08	62.412	0.5	242.57	0.3
-151.32	63.514	2	139.87	0.3
-152.54	62.067	1.55	110.02	0.3
-145.65	62.227	2.5	206.85	0.3
-143.27	60.475	2	186.85	0.3
-146.53	61.366	1	250.71	0.3
-145.59	62.184	2.5	211.72	0.3
-151.33	63.502	1.55	116.6	0.3
-140.92	60.274	1.55	201.97	0.3
-151.31	63.498	2.5	148.78	0.3
-151.25	61.536	1.55	175.25	0.3
-150.91	61.007	1.45	84.228	0.3
-153.01	60.013	1.55	159.63	0.3
-153.06	60.018	2.5	176.05	0.3
-141.53	60.539	1.55	95.879	0.3
-151.54	63.131	1.45	113.78	0.3
-141.04	60.216	2.5	139.46	0.3
-150.76	66.553	1.55	168.24	0.3
-144.17	63.045	2.5	176.83	0.3
-148.95	64.922	1.45	150.96	0.3
-138.85	60.398	2.5	162.48	0.3
-147.99	61.469	2.5	194.84	0.3
-140.88	61.614	1.45	208.86	0.3
-147.88	63.521	2	120.51	0.3
-140.94	61.584	1.45	199.22	0.3
-151.1	63.258	1.55	153.68	0.3
-141.18	60.158	2.5	176.81	0.3
-143.58	62.725	1.45	151.76	0.3
-149.99	62.072	2.5	234.41	0.3
-151.46	62.325	2.5	117.95	0.3
-148.22	61.596	1.55	149.43	0.3
-148.91	63.591	1.55	143.17	0.3
-152.56	62.887	1.45	135.02	0.3
-141.02	59.888	2.5	164.07	0.3
-141	59.921	2.5	169.74	0.3
-141.01	59.895	2.5	135.15	0.3
-140.28	60.256	1.5	167.43	0.3
-148.2	60.389	2	216.13	0.3
-151.32	63.495	2.5	135.91	0.3
-149.99	65.347	1.45	136.21	0.3
-151.9	61.46	1.55	199.6	0.3
-141.09	59.921	1.55	229.21	0.3
-147.37	63.081	1.55	153.52	0.3
-141.38	61.887	2	210.41	0.3
-152.69	62.402	1.55	114.82	0.3
-148.24	62.489	2.5	236.86	0.3
-152.29	64.578	1.45	144.73	0.3
-140.06	60.064	1.45	216.06	0.3
-151.61	63.081	1.45	95.557	0.3
-151.36	63.163	2	147.94	0.3
-151.06	63.293	2.5	158.17	0.3
-141.27	60.408	0.5	106.53	0.3
-146.83	64.47	1.45	207.34	0.3
-151.47	63.425	2.5	137.08	0.3
-138.82	59.609	1	84.735	0.3
-143.19	60.45	2	149.74	0.3
-154.35	59.37	1.55	137.18	0.3
-151.85	61.428	1.55	193.18	0.3
-146.82	64.468	1.45	205.06	0.3
-146.55	60.278	2	148.84	0.3
-157.67	57.146	2.5	176.74	0.3
-157.58	57.14	2.5	181.38	0.3
-157.62	57.14	2.5	157.52	0.3
-154.57	58.416	1.55	140.77	0.3
-145.18	63.337	2	184.06	0.3
-145.18	63.344	2.5	186.01	0.3
-145.16	63.328	2.5	197.99	0.3
-147.54	60.352	1.55	198.16	0.3
-155.64	57.869	1.55	154.02	0.3
-145.54	61.072	1.55	227.09	0.3
-148.4	63.92	1.45	151.54	0.3
-147.74	63.529	2.5	163.54	0.3
-144.99	63.355	2.5	206.88	0.3
-143.27	65.622	1.55	173.03	0.3
-147.79	62.418	0.5	183.7	0.3
-140.14	61.054	1.5	231.89	0.3
-149.82	62.69	1.45	118.92	0.3
-145.68	62.213	2	212.13	0.3
-147.09	61.323	1.45	235.03	0.3
-148.78	62.703	2	162.25	0.3
-155.14	58.246	1	117.08	0.3
-148.36	63.779	2.5	180.57	0.3
-140.95	61.534	2.5	198.49	0.3
-140.95	61.543	1.45	192.44	0.3
-151.51	63.173	2	140.89	0.3
-151.58	63.111	1	81.656	0.3
-151.61	63.257	2	143.11	0.3
-148.24	61.579	2.5	220.42	0.3
-158.62	61.044	1.55	79.582	0.3
-147.81	61.535	0.5	222.18	0.3
-145.73	62.18	1.55	190.06	0.3
-162.17	60.382	1.45	107.05	0.3
-141.65	60.045	2	170.25	0.3
-148.55	62.632	1.55	142.83	0.3
-150.86	60.933	1.55	88.042	0.3
-148.78	66.217	1.45	159.7	0.3
-151.4	63.399	2	157.21	0.3
-153.26	58.824	1.55	159.77	0.3
-164.16	56.07	2.5	163.94	0.3
-147.08	69.66	2.5	135.05	0.3
-153.88	58.747	1.45	149.94	0.3
-153.89	58.768	1.5	144.65	0.3
-144.12	65.305	1	116.07	0.3
-145.71	62.221	1.5	218.37	0.3
-141.07	61.562	2.5	182.93	0.3
-141.09	61.556	1.55	195.77	0.3
-141.03	61.541	2.5	181.83	0.3
-141.06	61.538	2.5	171.19	0.3
-156.37	58.181	1.45	136.18	0.3
-153.01	63.407	1.45	130.69	0.3
-149.29	63.141	1.45	128.86	0.3
-146.54	66.961	1.45	161.22	0.3
-141.09	61.569	2.5	176.25	0.3
-149.42	67.467	1.45	169.05	0.3
-152.83	59.774	1.45	168.29	0.3
-140.98	60.216	1.55	171.09	0.3
-156.35	58.163	1.45	159.28	0.3
-156.33	58.161	1.55	146.23	0.3
-150.65	61.633	1.45	115.2	0.3
-149.51	62.632	2	93.254	0.3
-150.9	61.92	2.5	81.227	0.3
-137.3	58.481	2.5	84.612	0.3
-137.71	60.656	1.55	197.97	0.3
-148.85	62.902	2.5	149.1	0.3
-148.79	62.908	2.5	138.63	0.3
-150.91	62.72	2.5	115.06	0.3
-146.11	61.343	1.45	207.21	0.3
-151.5	63.159	1.55	103.82	0.3
-151.26	61.651	2	170.36	0.3
-147.7	62.015	1	120.54	0.3
-138.31	60.913	2.5	186.88	0.3
-149.11	62.353	1.45	121.85	0.3
-149.55	62.768	1.45	107.66	0.3
-159.77	61.552	1.45	164.88	0.3
-151.27	63.494	1.55	161.97	0.3
-145.16	63.337	1.55	177.16	0.3
-136.63	59.801	1.55	224.3	0.3
-148.99	62.962	1.45	144.68	0.3
-136.73	58.98	2.5	91.236	0.3
-140.25	61.154	1.45	200.32	0.3
-148.14	63.48	2.5	173.04	0.3
-149.05	62.351	1.45	140.86	0.3
-148.56	63.465	1.45	149.97	0.3
-140.31	61.159	1.55	189.78	0.3
-140.33	60.349	1.55	147.02	0.3
-140.33	60.374	2.5	166.39	0.3
-140.35	60.329	2.5	148.95	0.3
-155.89	57.752	1.55	210.16	0.3
-140.31	60.324	2.5	118.39	0.3
-140.33	60.344	2.5	117.76	0.3
-149.34	62.622	2.5	144.49	0.3
-137.04	58.322	1.55	187.91	0.3
-149.08	65.166	1.45	168.19	0.3
-148.95	65.162	1.45	170.52	0.3
-149.08	65.185	1.45	169.21	0.3
-149.02	65.139	1.55	169.9	0.3
-152.06	62.596	2	225.92	0.3
-148.93	65.219	2.5	160.58	0.3
-146.78	61.353	0.5	201.09	0.3
-149.7	64.65	0.5	168.89	0.3
-147.68	63.176	2.5	170.61	0.3
-148.83	62.843	2.5	143.46	0.3
-149.05	65.178	1.45	160.14	0.3
-149.07	65.151	1.45	154.55	0.3
-149.09	65.162	1.45	158.93	0.3
-136.31	59.163	2.5	238.09	0.3
-136.29	59.175	1.55	225.32	0.3
-151.24	63.295	1.55	163.14	0.3
-149	65.164	1.45	173.76	0.3
-148.97	65.209	1.45	175.85	0.3
-149.01	65.156	1.45	173.7	0.3
-149.17	63.111	2.5	124.42	0.3
-146.76	60.964	0.5	165.48	0.3
-149.12	65.153	1.45	152.38	0.3
-148.96	65.264	1.45	150.6	0.3
-148.75	62.934	2.5	115.89	0.3
-150.57	62.188	1.55	114.09	0.3
-157.07	57.035	0.5	129.32	0.3
-149.83	62.308	1.55	137.36	0.3
-146.75	61.245	1.55	170.61	0.3
-145.81	60.931	1.55	197.83	0.3
-150.76	63.582	2	149.81	0.3
-145.69	67.548	1.45	158.03	0.3
-148.12	63.028	2.5	162.1	0.3
-146.57	61.516	2.5	133.43	0.3
-150.45	61.94	2.5	80.807	0.3
-147.69	63.205	1.45	125.74	0.3
-152.73	63.366	1.55	139.57	0.3
-139.23	59.866	1.45	78.176	0.3
-147.18	63.293	2.5	172.37	0.3
-151.82	63.355	2.5	155.54	0.3
-138.94	59.543	1.45	228.59	0.3
-149.8	63.449	1.55	155.96	0.3
-157.02	57.007	2	125.56	0.3
-149.04	64.733	1.45	178.91	0.3
-149.7	64.428	1.55	149.59	0.3
-148.47	64.285	1.55	173.63	0.3
-150.38	64.898	1.5	142.98	0.3
-154.1	61.435	2.5	95.056	0.3
-147.65	60.362	0.5	189.97	0.3
-141.2	60.428	1.45	184.18	0.3
-147.54	61.698	0.5	247.58	0.3
-149.4	64.621	1	98.691	0.3
-149.02	64.731	1.55	169.29	0.3
-141.55	60	1	226.23	0.3
-155.08	64.756	1.45	116.3	0.3
-148.14	64.45	1.45	186.8	0.3
-148.93	61.038	1.45	226.57	0.3
-149.04	64.82	1.55	169.49	0.3
-149.32	64.691	1.55	180.05	0.3
-146.88	61.11	1	212.87	0.3
-153.31	66.38	1.45	132.45	0.3
-150.64	62.103	2.5	116.54	0.3
-146.37	61.555	0.5	227.26	0.3
-149.74	64.701	1.45	154.55	0.3
-147.71	63.559	1	174.25	0.3
-148.18	61.749	1.45	143.42	0.3
-145.32	65.696	1.55	158.08	0.3
-149.25	64.582	1.45	168.73	0.3
-149.76	64.848	1.5	150.78	0.3
-157.99	57.068	1.45	94.745	0.3
-147.14	60.803	0.5	188.4	0.3
-146.34	61.6	0.5	232.81	0.3
-143.06	67.191	1.45	172.93	0.3
-148	63.554	2.5	177.21	0.3
-137.48	58.939	1	176.38	0.3
-150.8	64.996	1.55	158.5	0.3
-158.93	62.318	1.55	142.37	0.3
-159.1	60.038	1.55	208.86	0.3
-147.2	61.475	1.45	208.97	0.3
-145.24	65.678	2.5	171.76	0.3
-148.92	59.949	2	203.49	0.3
-148.2	61.749	1.5	150.15	0.3
-157.66	57.069	2.5	125.37	0.3
-150.9	61.97	1.55	72.051	0.3
-150.04	64.194	1.45	166.33	0.3
-148.38	61.045	2.5	204.35	0.3
-149.26	64.603	1.55	147.62	0.3
-152.41	64.492	1.45	137.39	0.3
-142.75	62.512	1.45	182	0.3
-139.2	62.435	1.45	207.55	0.3
-149.96	65.24	2.5	137.59	0.3
-148.72	64.705	2	227.1	0.3
-141.06	61.536	2.5	182.84	0.3
-149.24	61.941	1.55	81.976	0.3
-149.19	64.69	1.5	177.04	0.3
-157.48	57.203	2	183.7	0.3
-157.43	57.171	2.5	178.09	0.3
-138.96	59.556	1.45	229.23	0.3
-145.86	61.505	0.5	180.36	0.3
-154.94	57.533	1.5	235.29	0.3
-154.96	57.529	2	123.56	0.3
-154.94	57.522	1.5	143.87	0.3
-136.68	59.852	2.5	240.36	0.3
-136.78	59.905	1.45	71.503	0.3
-136.67	59.844	1.55	225.18	0.3
-136.71	59.79	1.5	237.98	0.3
-136.6	59.822	1.5	78.578	0.3
-136.69	59.833	1.45	235.27	0.3
-136.66	59.834	1.55	229.69	0.3
-136.67	59.798	1.45	90.97	0.3
-136.64	59.828	1.55	232.05	0.3
-136.54	59.792	1.55	215.7	0.3
-136.64	59.834	1.45	248.34	0.3
-136.73	59.796	1.45	245.07	0.3
-136.54	59.795	1.45	225.28	0.3
-136.7	59.788	1.45	235.11	0.3
-136.74	59.798	1.45	210.86	0.3
-136.76	59.794	1.45	245.82	0.3
-136.68	59.809	2.5	72.05	0.3
-136.64	59.792	1.55	231.25	0.3
-136.72	59.789	1.55	233.94	0.3
-136.65	59.793	2.5	212.95	0.3
-136.68	59.8	2.5	227.83	0.3
-136.72	59.79	1.45	245.11	0.3
-136.6	59.818	1.55	113.04	0.3
-136.68	59.851	1.45	216.21	0.3
-136.71	59.898	1.5	233.87	0.3
-152.08	64.741	1.55	149.34	0.3
-151.29	61.497	1.55	125.78	0.3
-146.92	65.258	1.45	162.76	0.3
-136.6	59.781	1.55	83.754	0.3
-151.49	61.809	1.55	73.421	0.3
-146.21	60.205	1	217.63	0.3
-136.52	59.774	1.55	79.155	0.3
-146.82	61.255	1.45	214.48	0.3
-148.91	64.757	1.55	191.85	0.3
-147.36	60.43	1.45	180.4	0.3
-138.36	60.989	2	176.93	0.3
-136.73	59.868	2	198.24	0.3
-150.25	62.105	2	95.357	0.3
-136.39	59.002	2.5	116.4	0.3
-157.82	66.983	1.45	166.76	0.3
-148.8	62.804	1.55	133.71	0.3
-141.1	61.575	0.5	193.43	0.3
-144.21	67.198	1.55	182.71	0.3
-146.98	61.28	1.45	211.56	0.3
-154.42	57.982	1.55	148.25	0.3
-146.42	61.373	2	153.9	0.3
-155.2	58.247	0.5	85.967	0.3
-145.68	68.901	1.45	176.76	0.3
-142.66	60.561	0.5	185.92	0.3
-146.55	61.481	0.5	205.17	0.3
-147.92	65.605	1.45	128.79	0.3
-147.43	60.555	1	111.08	0.3
-151.24	64.645	1.5	161.79	0.3
-150.6	61.587	1.55	81.017	0.3
-136.74	59.847	1.55	85.745	0.3
-150.94	63.528	2	154.89	0.3
-155.82	57.771	1.55	139.16	0.3
-136.77	59.794	1.55	228.68	0.3
-153.84	59.416	1.45	161.08	0.3
-151.88	62.8	2.5	135.58	0.3
-149.02	60.239	1.55	192.1	0.3
-149.84	61.687	0.5	173.61	0.3
-149.18	63.012	2.5	140.76	0.3
-148.67	65.598	0.5	153.63	0.3
-147.2	61.37	1.45	227.34	0.3
-152.89	60.774	1.45	117.81	0.3
-160.55	67.247	2.5	121.76	0.3
-147.02	61.674	1.45	186.97	0.3
-161.92	59.994	0.5	127.4	0.3
-137.81	60.382	1.55	203.18	0.3
-142.74	60.564	2.5	195.8	0.3
-147.61	60.579	0.5	201.49	0.3
-138.27	60.871	2.5	230.83	0.3
-139.08	59.849	1.45	177.9	0.3
-155.49	57.649	1.55	142.91	0.3
-138.29	60.889	2.5	211.31	0.3
-155.47	57.661	2.5	131.44	0.3
-150.71	61.108	2.5	94.848	0.3
-146.37	67.42	1.45	145.76	0.3
-150.68	63.606	2	128.03	0.3
-157.95	57.039	1.45	241.97	0.3
-144.96	69.567	1.45	145.34	0.3
-144.34	69.523	1.45	151.05	0.3
-144.55	69.544	1.55	138.53	0.3
-144.64	69.508	1.45	158.06	0.3
-144.35	69.462	1.55	172.77	0.3
-145.33	69.65	1.45	151.49	0.3
-144.24	69.473	1.45	161.77	0.3
-144.42	69.491	1.45	179.99	0.3
-144.23	69.462	1.55	158.42	0.3
-144.19	69.519	1.45	160.02	0.3
-145.26	69.639	1.55	138.26	0.3
-145.45	69.64	1.45	170.47	0.3
-144.37	69.466	1.45	166.15	0.3
-147.36	60.479	1.45	185.59	0.3
-157.19	66.294	1.45	132.92	0.3
-144.31	69.496	1.55	166.29	0.3
-144.9	69.56	1.45	168.55	0.3
-144.24	69.505	1.45	157.28	0.3
-144.94	69.576	1.45	145.18	0.3
-144.52	69.522	1.55	160.17	0.3
-144.18	69.427	1.55	161.59	0.3
-145.38	69.623	1.45	179.76	0.3
-148.55	62.148	0.5	226.71	0.3
-144.29	69.496	1.5	163.82	0.3
-144.35	69.508	1.55	145.39	0.3
-144.11	69.493	1.45	171.69	0.3
-162.45	67.648	1	136.33	0.3
-144.48	69.503	1.55	135.35	0.3
-161.92	65.474	1.45	104.66	0.3
-161.94	65.485	1.45	104.77	0.3
-147.4	61.316	0.5	222.11	0.3
-157.72	61.858	1.45	133.58	0.3
-144.15	69.414	1.55	170.96	0.3
-156.4	67.774	1.45	120.69	0.3
-146.4	61.536	0.5	228.38	0.3
-145.05	69.583	1.55	134.49	0.3
-146.34	69.021	1.55	135.17	0.3
-144.1	69.474	1.55	177.14	0.3
-166.8	61.011	1.55	93.347	0.3
-150.92	64.774	1.55	166.97	0.3
-156.4	67.784	1	240.53	0.3
-146.47	61.571	0.5	249.1	0.3
-145.03	69.561	1.45	149.43	0.3
-160.37	64.555	1	130.84	0.3
-173.68	52.35	2	154.62	0.3
-169.69	52.54	2.5	114.89	0.3
-168.37	52.48	2.5	148.44	0.3
-169.03	52.02	2.5	170.03	0.3
-168.81	52.27	2.5	148.52	0.3
-174.82	51.48	2.5	143.53	0.3
-162.46	68.04	1.45	110.88	0.3
-163.34	53.7	2.5	132.76	0.3
-167.25	52.74	2.5	154.54	0.3
-167.33	52.61	2.5	151.39	0.3
-170.72	51.82	1.55	164.32	0.3
-159	54.63	2.5	152.23	0.3
-173.29	51.98	2.5	152.51	0.3
-173.77	52.07	2.5	154.94	0.3
-168.17	54.4	1.45	186.93	0.3
-174.39	51.56	2.5	160.5	0.3
-176.34	51.56	2	149.55	0.3
-173.73	51.79	2.5	152.39	0.3
-174.56	51.56	2.5	155.68	0.3
-174.96	51.47	2.5	151.16	0.3
-173.09	51.8	2.5	148.65	0.3
-174.73	52.51	1.45	109.84	0.3
-174.7	52.53	1.45	107.48	0.3
-175.02	52.68	1	120.06	0.3
-174.33	51.79	2.5	153.72	0.3
-174.62	52.49	1.45	110.32	0.3
-176.23	51.57	2.5	150.21	0.3
-167.48	53.75	0.5	216.83	0.3
-167.32	53.79	0.5	202.67	0.3
-167.59	54.03	0.5	201.46	0.3
-173.92	51.58	2.5	151.84	0.3
-177.01	51.57	2.5	161.81	0.3
-179.22	64.06	1.55	108.09	0.3
-167.16	53.72	0.5	192.33	0.3
-179.98	51.33	2.5	156.7	0.3
-167.2	53.38	0.5	188.48	0.3
-176.1	51.41	1.45	150.52	0.3
-175.08	52.03	2.5	141.11	0.3
-173.9	51.41	2.5	153.5	0.3
-168.33	52.56	2.5	142.22	0.3
-163.01	53.47	2.5	150.16	0.3
-177.6	51.02	2	165.65	0.3
-166.72	52.98	2.5	128.37	0.3
-170.07	51.91	2.5	170.97	0.3
-176.07	51.89	2.5	156.97	0.3
-171.3	52.69	1	162.63	0.3
-174.97	52.06	2.5	147.51	0.3
-174.84	52.07	2.5	146.53	0.3
-174.61	51.92	2.5	150.28	0.3
-175.06	51.63	2.5	163.79	0.3
-170.09	52.38	2.5	140.21	0.3
-157.02	67.3	0.5	168.89	0.3
-168.12	52.81	2.5	137.93	0.3
-173.57	52.1	2.5	150.99	0.3
-179.07	51.1	2.5	170.17	0.3
-179.22	51.03	2.5	146.27	0.3
-179.23	51.01	2.5	140.64	0.3
-178.77	51.46	2.5	173.47	0.3
-169.51	52.34	2.5	146.56	0.3
-169.24	52.31	2.5	143.66	0.3
-169.94	52.23	2.5	137.73	0.3
-170.57	52.25	2	134.72	0.3
-174.9	51.7	2.5	149.83	0.3
-174.94	51.5	2	160.44	0.3
-174.26	52.47	1.45	134.71	0.3
-168.54	53.07	2.5	141.09	0.3
-175.15	58.43	0.5	92.162	0.3
-163.4	53.87	2.5	153.79	0.3
-166.99	53.6	0.5	208.21	0.3
-166.99	53.89	0.5	200.11	0.3
-165.58	53.4	2.5	139.29	0.3
-179.39	51.24	2.5	151.36	0.3
-172.95	51.57	2.5	163.19	0.3
-178.01	51.2	2.5	154.93	0.3
-178.17	51.31	2.5	153.59	0.3
-177.85	51.13	2.5	153.16	0.3
-177.67	51.11	1.45	150.56	0.3
-177.9	51.22	0.5	98.604	0.3
-177.68	51.38	2.5	168.51	0.3
-178.94	50.97	2.5	152.95	0.3
-178.44	51.24	2.5	159.03	0.3
-164.04	54.33	1	156.22	0.3
-164.03	54.53	0.5	165	0.3
-170.16	51.89	2.5	166.28	0.3
-168.01	52.23	2.5	154.83	0.3
-173.9	51.48	2.5	154.48	0.3
-173.39	51.7	2.5	148.25	0.3
-176.9	51.2	2.5	159.02	0.3
-163.46	53.31	2.5	149.58	0.3
-163.41	53.41	2.5	143.16	0.3
-173.48	51.73	2.5	154.2	0.3
-168.41	52.21	2.5	150.05	0.3
-168.62	52.16	2.5	151.4	0.3
-175.74	51.29	2.5	153.54	0.3
-176.39	51.34	2.5	175.09	0.3
-175.95	51.38	2.5	155.7	0.3
-170.45	64.9	2	128.46	0.3
-170.97	64.56	1.55	106.42	0.3
-174.15	51.47	2.5	161.94	0.3
-172.95	67.02	1	98.73	0.3
-171.06	64.92	1.45	101.39	0.3
-177.9	51.92	0.5	150.71	0.3
-174.16	67.08	1.45	93.092	0.3
-170.56	51.79	2.5	150.56	0.3
-173.85	51.44	2.5	149.99	0.3
-167.37	52.33	2.5	156.1	0.3
-179.51	51.21	2	141.52	0.3
-176.66	51.45	2.5	151.63	0.3
-169.91	51.91	2.5	157.41	0.3
-164.06	54.16	1	152.53	0.3
-168.47	52.1	2.5	153.77	0.3
-169.03	52.3	2	132.2	0.3
-169.83	52	2.5	147.38	0.3
-172.92	51.57	2.5	160.68	0.3
-162.88	54.29	2.5	150.78	0.3
-164.31	52.88	2.5	151.76	0.3
-169.5	52.1	2.5	134.98	0.3
-169.37	52.05	2.5	149.61	0.3
-162.84	53.82	2.5	131.05	0.3
-169.61	52.07	2.5	148.62	0.3
-169.61	51.93	2.5	145.14	0.3
-169.46	52.01	2.5	151.83	0.3
-166.91	52.41	2.5	160.49	0.3
-179.52	51.15	2.5	181.07	0.3
-177.39	51.07	2.5	118.39	0.3
-179.58	51.27	2.5	155.63	0.3
-179.87	51.19	2.5	161.07	0.3
-179.17	51.17	2.5	176.66	0.3
-163.76	53.33	2	147.02	0.3
-169.2	52.48	2.5	146.04	0.3
-159.49	54.27	1.55	216.66	0.3
-166.9	52.91	2.5	138.14	0.3
-174.74	51.57	2.5	151.76	0.3
-171.11	52.01	2.5	157.35	0.3
-166.75	52.93	2.5	128.15	0.3
-173.18	51.68	2.5	157.66	0.3
-173.19	51.58	2.5	154.76	0.3
-173.37	51.74	2.5	156.05	0.3
-177.68	51.22	2.5	158.97	0.3
-163.63	53.5	2.5	162.28	0.3
-173.48	51.49	2.5	159.7	0.3
-166.88	52.54	2.5	148.4	0.3
-174.16	51.33	2.5	140.91	0.3
-169.39	51.96	2.5	158.64	0.3
-169.46	51.97	2.5	152.94	0.3
-162.2	65.5	0.5	120.61	0.3
-167.04	52.42	2.5	164.19	0.3
-169.04	52	2.5	155.01	0.3
-166.99	52.49	2.5	135.53	0.3
-179.17	50.95	2.5	160.3	0.3
-179.23	50.95	2.5	161.6	0.3
-169.67	65.82	0.5	77.345	0.3
-173.87	51.49	2.5	161.32	0.3
-174.74	51.33	2.5	153.16	0.3
-163.79	53.35	2.5	154.58	0.3
-163.54	53.46	2.5	153.9	0.3
-167.55	53.55	1	93.211	0.3
-173.56	51.42	2.5	164	0.3
-168.01	52.2	2.5	139.24	0.3
-163.67	53.49	2.5	132.04	0.3
-167.9	52.3	2.5	147.62	0.3
-167.92	52.29	2.5	134.56	0.3
-168.1	52.21	2.5	152.23	0.3
-168.3	52.12	2.5	153.32	0.3
-168.27	52.14	2.5	151.54	0.3
-168.24	52.19	2.5	148.22	0.3
-168.18	52.17	2.5	158.38	0.3
-179.22	51.82	1.45	116.24	0.3
-179.23	51.76	1.55	109.82	0.3
-179.27	51.76	1.55	111.7	0.3
-173.75	52.36	0.5	119.96	0.3
-169.37	51.96	2.5	145.58	0.3
-162.52	54.23	2	159.34	0.3
-173.5	51.47	2.5	175.14	0.3
-168.4	52.15	2.5	148.24	0.3
-170.59	51.75	2.5	169.12	0.3
-166.75	67.68	0.5	121.12	0.3
-179.29	51.78	1.55	127.75	0.3
-179.17	51.81	1.55	115.64	0.3
-177.54	51.96	1.55	125.64	0.3
-179.1	51.01	2.5	157.18	0.3
-168.16	52.23	2.5	156.5	0.3
-167.28	53.24	0.5	190.89	0.3
-175.53	52.19	1.45	210.55	0.3
-175.54	52.27	1.55	200.46	0.3
-175.63	52.22	1	114.74	0.3
-167.05	52.58	2.5	156.39	0.3
-174.41	51.37	2.5	157.19	0.3
-174.51	51.33	2.5	167.87	0.3
-174.39	51.39	2.5	157.7	0.3
-174.34	51.39	2.5	159.5	0.3
-170.56	51.83	2.5	163.17	0.3
-175.03	51.3	2.5	158.56	0.3
-163.58	53.41	2.5	141.48	0.3
-178.13	51.27	2	170.62	0.3
-169.36	52.12	2.5	159.44	0.3
-170.75	66.96	1.45	98.863	0.3
-166.99	52.54	2.5	156.62	0.3
-167.2	52.44	2.5	159.1	0.3
-161.43	54.55	2.5	160.56	0.3
-162.89	53.56	2.5	159.93	0.3
-173.58	51.48	2.5	163.66	0.3
-173.27	51.42	2.5	155.49	0.3
-177.71	60.45	1.45	99.141	0.3
-177.47	60.29	1.45	92.96	0.3
-177.54	60.42	0.5	91.663	0.3
-163.24	53.51	2.5	153.32	0.3
-156.92	58.09	2.5	143.17	0.3
-169.64	52.66	1	140.21	0.3
-169.43	52.6	0.5	143.55	0.3
-169.41	52.62	0.5	146.94	0.3
-169.37	52.58	0.5	147.73	0.3
-169.39	52.6	0.5	150.77	0.3
-169.76	52.79	0.5	118.8	0.3
-169.34	52.61	0.5	135.4	0.3
-169.7	52.71	1.45	134.12	0.3
-177.48	60.38	1.45	91.759	0.3
-169.39	52.58	0.5	146.02	0.3
-169.33	52.61	0.5	131.27	0.3
-170.4	52.74	1.45	112.33	0.3
-166.94	52.56	2.5	153.51	0.3
-175.4	51.26	2.5	157.89	0.3
-175.32	51.24	2.5	157.17	0.3
-175.15	51.19	2.5	150.39	0.3
-175.05	51.29	2.5	157.54	0.3
-175.28	51.31	2.5	172.49	0.3
-176.4	51.01	2.5	152.44	0.3
-176.62	51.14	2.5	159.61	0.3
-169.72	52.71	1.45	140.59	0.3
-169.44	51.94	2.5	152.11	0.3
-169.46	51.96	2.5	139	0.3
-169.4	51.96	2.5	152.24	0.3
-176.1	51.11	2.5	153.76	0.3
-176.18	51.13	2.5	148.82	0.3
-176.22	51.18	2.5	159.34	0.3
-176.18	51.16	2.5	152.9	0.3
-175.99	51.06	2.5	147.22	0.3
-169.31	52.59	0.5	133.61	0.3
-166.9	65.44	0.5	116.16	0.3
-171.96	51.98	2	166.84	0.3
-166.69	52.83	2.5	126.78	0.3
-167.09	52.62	2.5	161.32	0.3
-166.71	67.66	0.5	120.54	0.3
-173.31	51.53	2.5	149.15	0.3
-174.43	66.38	0.5	78.862	0.3
-174.98	51.57	2.5	132.28	0.3
-157.75	57.22	2.5	156.56	0.3
-167.32	52.39	2.5	141.14	0.3
-178.08	51.56	1	163.5	0.3
-178.52	51.69	1.45	127.36	0.3
-171.92	52.58	1.45	83.072	0.3
-167.74	56.45	0.5	107.16	0.3
-178.57	51.72	1	131.64	0.3
-175.3	51.45	2	171.7	0.3
-174.87	51.3	2.5	156.3	0.3
-174.81	51.31	2.5	156.66	0.3
-175.26	51.36	2	168.34	0.3
-175.12	51.26	2.5	151.3	0.3
-174.54	51.4	2.5	161.73	0.3
-174.46	51.36	2.5	153.92	0.3
-174.27	51.32	2.5	166.93	0.3
-168.35	52.17	2.5	170.3	0.3
-168.61	52.15	2.5	155.28	0.3
-174.38	51.44	2.5	160.43	0.3
-179.07	51.36	2	134.31	0.3
-163.52	53.48	2.5	149.68	0.3
-163.98	53.29	2.5	160.83	0.3
-162.3	67.8	0.5	116.11	0.3
-162.25	67.75	0.5	109.72	0.3
-162.18	67.84	0.5	121.8	0.3
-162.07	67.85	0.5	114.22	0.3
-162.16	67.84	0.5	123.29	0.3
-156.82	55.76	2	168.41	0.3
-177.74	51.51	2	165.83	0.3
-171.2	51.61	1.55	234.14	0.3
-169.31	56.79	0.5	106.58	0.3
-168.74	56.64	0.5	75.132	0.3
-169.05	56.78	0.5	111.23	0.3
-169.07	56.77	0.5	97.96	0.3
-169.11	56.81	0.5	99.534	0.3
-169.09	56.83	0.5	102.49	0.3
-169.14	56.83	0.5	97.223	0.3
-168.57	52.18	2.5	164	0.3
-163.62	53.46	2.5	146.39	0.3
-170.44	51.91	2.5	164.76	0.3
-173.76	51.26	2.5	162.68	0.3
-169.31	52.03	2.5	139.97	0.3
-169.32	52	2.5	147.79	0.3
-169.6	51.94	2.5	161.96	0.3
-169.49	51.94	2.5	157.02	0.3
-174.33	51.42	2.5	157.62	0.3
-174.27	51.39	2.5	154.71	0.3
-174.34	51.47	2.5	154.34	0.3
-169.48	51.97	2.5	154.22	0.3
-168.4	52.16	2.5	146.22	0.3
-173.33	51.55	2.5	159.48	0.3
-172.85	51.43	2.5	159.88	0.3
-172.9	51.48	2.5	161.16	0.3
-173.02	51.55	2.5	161.03	0.3
-172.71	51.49	2.5	162.9	0.3
-174.95	51.35	0.5	77.339	0.3
-173.94	51.46	2.5	159.1	0.3
-173.82	51.38	2.5	161.58	0.3
-173.9	51.52	2.5	145.27	0.3
-173.8	51.52	2.5	154.51	0.3
-173.51	51.47	2.5	159.33	0.3
-174.13	51.4	2.5	157.23	0.3
-168.63	52.11	2.5	146.23	0.3
-168.54	52.06	2.5	155.29	0.3
-157.66	57.22	2.5	160.71	0.3
-174.01	51.39	2.5	142.76	0.3
-166.68	52.82	2.5	144.2	0.3
-158.18	55.87	2.5	157.53	0.3
-166.81	52.53	2.5	142.45	0.3
-163.11	53.55	2.5	151.38	0.3
-173.49	51.49	2.5	160	0.3
-157.52	57.2	2.5	159.31	0.3
-157.37	57.31	2.5	156.93	0.3
-176.36	51.23	2.5	164.62	0.3
-176.24	51.23	2.5	167.25	0.3
-178.61	51.84	0.5	136.69	0.3
-176.88	51.06	2.5	159.66	0.3
-176.87	51.06	2.5	163	0.3
-178.38	51.76	1.45	150.98	0.3
-178.31	51.63	1.45	162.37	0.3
-178.16	51.55	0.5	134.98	0.3
-176.91	51.08	2.5	159.12	0.3
-176.79	51	2.5	161.78	0.3
-178.35	51.76	0.5	143.82	0.3
-178.49	51.8	1.45	141.27	0.3
-164.41	54.63	1.5	77.983	0.3
-170.44	51.89	2.5	166.17	0.3
-164.31	53.29	2.5	152.97	0.3
-169.92	51.85	2.5	163.77	0.3
-170.03	51.82	2.5	153.28	0.3
-163.65	53.46	2.5	148.23	0.3
-174.69	51.37	2.5	157.27	0.3
-166.41	52.62	2.5	177.78	0.3
-177.37	60.42	1.45	89.371	0.3
-169.52	52.71	1.45	137.14	0.3
-178.38	51.68	0.5	155.01	0.3
-162.82	53.59	2.5	158.69	0.3
-168.44	52.08	2.5	159.03	0.3
-178.74	51.57	0.5	179.39	0.3
-166.9	52.49	2.5	157.95	0.3
-177.81	51.96	1.55	138.75	0.3
-179.79	51.2	2.5	168.88	0.3
-175.21	51.3	2.5	167.49	0.3
-169.47	51.95	2.5	158.19	0.3
-177.4	51.94	1.55	217.72	0.3
-161.21	54.55	1.55	111.55	0.3
-163.76	53.44	2.5	153.62	0.3
-169.59	51.9	2.5	159.69	0.3
-169.77	51.9	2	106.77	0.3
-169.64	51.91	1.45	250.74	0.3
-169.66	51.9	2.5	159.42	0.3
-159.81	54.44	2	159.83	0.3
-169.98	52.91	1.55	107.9	0.3
-173.27	51.46	2.5	154.54	0.3
-163.66	53.41	2.5	153.06	0.3
-167.83	52.3	2.5	151.54	0.3
-168.01	52.26	2.5	154.09	0.3
-169.16	56.78	0.5	106.53	0.3
-174.95	52.34	1	129.45	0.3
-168.11	52.14	2.5	150.38	0.3
-156.07	56.08	2	156.6	0.3
-129.77	48.93	1.45	172.01	0.3
-130.26	49.1	1.5	180	0.3
-130.57	49.77	1.5	195	0.3
-130.62	49.43	1.5	180	0.3
-131.21	51.07	1.55	187.5	0.3
-134.94	55.36	1.55	197.6	0.3
-128.46	49.37	1.5	165	0.3
-130.47	50.44	1.5	210	0.3
-130.54	49.37	1.5	191	0.3
-130.7	50.31	1.5	196	0.3
-131.09	51.13	1.45	204.46	0.3
-130.4	50.02	1.45	187.74	0.3
-133.63	53.92	1.55	193.75	0.3
-129.13	48.7	1.55	160.97	0.3
-130.88	50.96	1.55	211.8	0.3
-129.94	50.82	1.55	185.06	0.3
-130.69	50.99	1.5	203	0.3
-128.79	49.16	1.55	163.06	0.3
-130.86	50.92	1.55	194.72	0.3
-129.72	49.24	1.45	166.99	0.3
-130.52	50.86	1.45	195.12	0.3
-130.79	50.58	1.45	211.74	0.3
-130.75	51.07	1.5	219	0.3
-130.88	51.28	1.55	192	0.3
-130.68	50.88	1.45	219.51	0.3
-130.88	51.07	1.5	205.89	0.3
-128.03	48.94	1.55	181.49	0.3
-130.15	49.57	1.45	197.73	0.3
-131.17	51.46	1.45	212.12	0.3
-130.75	50.7	1.45	212.75	0.3
-130.34	50.03	1.45	197.06	0.3
-130.58	50.98	1.45	211.84	0.3
-129.38	49.13	1.55	180.6	0.3
-130.78	50.96	1.45	206.57	0.3
-130.61	50.98	1.45	211.56	0.3
-130.26	49.85	1.45	178.57	0.3
-130.28	50.11	1.45	201.86	0.3
-130.65	50.57	1.45	206.72	0.3
-129.07	49.41	1.55	158.11	0.3
-128.9	49.24	1.45	167.06	0.3
-133.66	54.02	1.45	197.34	0.3
-130.52	49.97	1.45	185.61	0.3
-128.46	48.83	0.5	182.31	0.3
-128.59	48.82	1.45	194.88	0.3
-128.26	48.62	1.55	191.25	0.3
-128.54	48.49	1.55	184.03	0.3
-132.18	52.64	2.5	216.01	0.3
-134.16	54.26	1.5	202	0.3
-130.89	51.63	1.45	215.46	0.3
-130.33	50.3	1.45	216.02	0.3
-134.39	54.72	1.55	200	0.3
-129.42	48.77	1.55	170.68	0.3
-127.88	49.05	1.45	190.06	0.3
-130.47	51.02	1.55	202.26	0.3
-130.53	50.94	1.55	196.98	0.3
-130.52	50.93	1.55	208.37	0.3
-134.46	55.02	1.55	198.39	0.3
-127.17	49.48	1.45	210.59	0.3
-129.08	49.14	1.45	172.14	0.3
-129.13	49.17	1.45	176.9	0.3
-129.38	49.01	1.55	171.7	0.3
-128.96	49.29	1.55	175.65	0.3
-131.16	51.2	1.55	192.79	0.3
-129.24	48.08	1.45	223.17	0.3
-129.18	48.07	1.55	234.75	0.3
-129.13	48.13	1.45	215.35	0.3
-129.25	48.07	1.45	226.56	0.3
-131.41	51.4	1.45	215.51	0.3
-128.88	48.52	1.55	216.43	0.3
-130.52	50.59	1.45	195.01	0.3
-130.74	51.45	1.45	211.22	0.3
-130.14	49.78	1.45	186	0.3
-130.45	50.4	1.45	192.24	0.3
-131.04	50.94	1.45	190.9	0.3
-131.24	51.11	1.45	191.62	0.3
-130.92	50.85	1.45	189.85	0.3
-131.42	51.33	1.45	216.18	0.3
-131.49	51.52	1.45	219.08	0.3
-130.39	50.37	1.55	191.31	0.3
-130.31	49.8	1.45	195.26	0.3
-130.43	49.85	1.45	202.56	0.3
-130.24	49.78	1.45	188.9	0.3
-130.19	49.8	1.5	180.37	0.3
-130.13	49.76	1.45	190	0.3
-130.16	49.78	1.55	169.11	0.3
-130.14	49.77	1.55	178.32	0.3
-130.45	49.51	1.45	199.94	0.3
-130.35	49.58	1.55	201.96	0.3
-129.03	47.45	1.45	175.47	0.3
-129.04	47.46	1.45	169.86	0.3
-129.06	48.78	1.45	177.97	0.3
-131.67	51.93	1.45	215.07	0.3
-130.24	49.27	1.45	192.73	0.3
-129.48	49.08	1.45	193.14	0.3
-131.75	51.69	1.55	202.73	0.3
-130.98	51.46	1.45	212.27	0.3
-131.04	51.4	1.45	213.22	0.3
-130.77	51.06	1.55	213.15	0.3
-128.17	48.66	1.45	152.97	0.3
-128.13	48.8	1.55	167.28	0.3
-130.35	50.37	1.45	209.96	0.3
-130.23	50.31	1.45	198.03	0.3
-130.27	50.33	1.45	198.14	0.3
-130.48	50.44	1.55	191.22	0.3
-130.39	50.3	1.45	206.28	0.3
-129.6	49.1	1.45	187.32	0.3
-129.08	47.42	1.45	180.21	0.3
-129.04	47.57	1.45	172.32	0.3
-132.06	52.61	2.5	217.47	0.3
-131.75	52.18	2.5	179.29	0.3
-131.69	52.17	1.45	167.25	0.3
-128.85	48.9	1.45	175.32	0.3
-131.28	51.52	1.45	197.68	0.3
-132.33	52.94	2.5	227.58	0.3
-134.97	55.69	1.55	198.29	0.3
-135.09	55.51	1.55	201.12	0.3
-134.73	55.09	1.55	202.29	0.3
-135.14	55.41	1.55	238.41	0.3
-130.61	51.11	1.55	212.57	0.3
-130.4	51.16	1.55	205.9	0.3
-130.52	51.12	1.55	222.02	0.3
-130.46	51.1	1.55	216.57	0.3
-130.43	51.14	1.45	226.91	0.3
-130.56	51.01	1.45	199.28	0.3
-130.24	50	1.45	184.53	0.3
-131.51	52.4	0.5	95.001	0.3
-129.57	48.94	1.45	169.1	0.3
-130.22	49.93	1.5	196.4	0.3
-127.59	49.65	1.55	199.27	0.3
-130.53	50.76	1.45	201.14	0.3
-130.52	50.76	1.55	201.47	0.3
-130.55	50.73	1.5	201.72	0.3
-130.54	50.5	1	74.706	0.3
-130.15	49.98	1.45	171.78	0.3
-130.85	51.69	1.45	199.71	0.3
-130.39	50.32	1.45	228.55	0.3
-130.31	50.35	1.45	216.16	0.3
-130.42	50.56	1.55	197.55	0.3
-130.4	50.48	1.55	196.08	0.3
-131.22	51.44	1.55	213.64	0.3
-130.24	49.4	1.55	184.23	0.3
-130.27	49.98	1.45	202.39	0.3
-130.35	50.02	1.45	203.97	0.3
-130.27	49.98	1.45	203.14	0.3
-130.24	49.96	1.55	203.48	0.3
-129.76	49.1	1.45	178.18	0.3
-129.52	49.43	1.55	186.52	0.3
-129.49	49.46	1.55	195.36	0.3
-130.4	50.52	1.55	195.15	0.3
-130.03	49.2	1.45	189.32	0.3
-130.29	50.48	1.55	191.55	0.3
-130.44	50.6	1.55	196.66	0.3
-129.54	48.95	1.45	172	0.3
-129.89	49.14	1.45	172.99	0.3
-130.13	49	1.55	191.23	0.3
-130.09	48.9	1.55	200.44	0.3
-130.05	49	1.55	195.29	0.3
-129.7	49.01	1.45	169.55	0.3
-129.16	48.75	1.55	170.57	0.3
-130.36	50.53	1.55	210.4	0.3
-130.32	50.01	1.45	183.98	0.3
-130.64	51.16	1.45	210.29	0.3
-130.78	51.13	1.45	206.4	0.3
-130.31	50.18	1.45	213.34	0.3
-132.19	52.65	2.5	206.54	0.3
-130.04	50.34	1.55	182.13	0.3
-130.01	50.36	1.55	179.1	0.3
-130.18	50.48	1.55	188.49	0.3
-129.91	50.29	1.45	181.1	0.3
-130.22	50.4	1.45	189.72	0.3
-130.22	50.41	1.55	203.75	0.3
-131.19	51.31	1.45	193.98	0.3
-129.8	50.13	1.55	177.21	0.3
-130.38	50.5	1.45	194.02	0.3
-129.91	50.23	1.55	179.35	0.3
-130.44	50.66	1.45	197.58	0.3
-131.28	51.64	1.45	211.55	0.3
-130.39	50.6	1.45	194.93	0.3
-121.86	53.64	2.5	192.17	0.3
-157.27	64.12	1.45	122.86	0.3
-141.39	60.5	2.5	176	0.3
-140.7	60.37	0.5	128.29	0.3
-141.2	60.63	2.5	160.64	0.3
-151.53	63.49	1.55	124.78	0.3
-141.18	60.12	2.5	189.88	0.3
-140.75	61.39	2.5	201.58	0.3
-141.44	60.21	2.5	174.08	0.3
-149.02	62.15	1.45	113.36	0.3
-149.98	66.37	1.55	157.41	0.3
-149.94	66.53	1.45	169.25	0.3
-150.45	66.47	1.55	142.86	0.3
-153.01	65.84	1.45	140.99	0.3
-141.09	61.56	2.5	189.99	0.3
-140.82	60.18	2.5	172.36	0.3
-148.44	66.28	2.5	162.88	0.3
-147.73	69.59	1.55	163.06	0.3
-144.96	63.56	2.5	175.81	0.3
-154.76	65.03	1.55	115.65	0.3
-151.74	64.74	1.45	151.01	0.3
-140.31	61.47	2.5	212.25	0.3
-146.41	60.67	2.5	147.18	0.3
-146.76	63.2	1.55	170.88	0.3
-147.23	68.88	0.5	161.26	0.3
-140.56	61.45	1.45	189.27	0.3
-143.65	63.2	2.5	243.05	0.3
-146.31	69.39	1.45	144.32	0.3
-140.3	61.28	1.45	208.07	0.3
-140.31	61.32	1.55	205.9	0.3
-140.07	61.36	1.55	206.4	0.3
-142.7	62.64	1.45	184.94	0.3
-144.67	69.83	1.45	128.11	0.3
-156.14	67.94	0.5	121.09	0.3
-151.55	65.35	1.45	126.98	0.3
-147.23	64.43	1.55	198.34	0.3
