
>>		
-144.5291849436296,70.18857944468661
-144.7347084560925,70.24565820565739
-144.9534314260188,70.30587279859179
-145.2431066816307,70.35472595853061
-145.475522909554,70.39346583687984
-145.7274086184788,70.44323503226576
-145.9394298530047,70.48471612025375
-146.0613340686996,70.52737892148238
-146.1917046843795,70.5727566659171
-146.3553404263945,70.6293528302413
-146.5271986876728,70.68836499862851
-146.7130652435655,70.75169850538275

>>
>>		
-140.9109966849484,60.07347023936107
-140.8154122808516,60.08236564865674
-140.6994746702194,60.0870397445895
-140.6079607973523,60.0855324340755
-140.5021242424393,60.07497934672038
-140.4096031009744,60.05405757380461
-140.3158255616235,60.03275908026465
-140.2195102435023,60.01078687581465
-140.1419477783667,59.98693456637803
-140.1008850619954,59.97350571871488
-140.030457159588,59.95088387650462
-139.950596771109,59.9327578616978
-139.8649931203477,59.93513805300793
-139.7946788697929,59.93705176376239


>>		
-139.5097614113595,60.0517512612127
-139.470673166433,60.02198405851846
-139.42848676183,59.99353754456678
-139.3818225800475,59.96199863772792
-139.3596656030978,59.94128700200026
-139.3328119342228,59.91614511950264
-139.304170056862,59.89260917384124
-139.2776351583353,59.87076905591092
-139.2529817116362,59.85044680038051
-139.2235785197688,59.82445135505196
-139.1984664251252,59.80221206321745
-139.1750023531269,59.78140086730711
-139.1554114389862,59.7640016441615
-139.13105645619,59.74596091566468
-139.0823464896982,59.7208542363349
-139.0249168378413,59.69619857330645
-138.9969537093457,59.68191633017544
-138.9533552825197,59.65620829217988
-138.9274969048577,59.63876892144952

>>>>
-146.6796981968139,60.33148256157188
-146.6101989002584,60.36397648083087
-146.5874131813727,60.37859588968951
-146.5193986691128,60.40606438656314
-146.4570260851851,60.42445587763758
-146.3985480756327,60.44330158749918
-146.3277919198606,60.46169048582824
-146.2779842606646,60.48390154691983
-146.1818254307984,60.51919832564316
-146.1139247475286,60.54649598370361
-146.0356303853335,60.56522755790646
-145.9601914227954,60.58572945385213
-145.8813659971308,60.59854165235281
-145.8049160413417,60.61091448121925
-145.7328464014397,60.62896073964738
-145.6568935024327,60.6529461964108
-145.5702045418057,60.69337866069762
-145.5037315250893,60.7190201983244
-145.4335464136355,60.73512479617335
-145.3594779252655,60.74580419330984
-145.3166472298852,60.74871684470755
-145.2497170697864,60.74746074182075
-145.1926665001583,60.74334922398845
-145.0518388541793,60.72221999245968
-144.92271820578,60.69469467102319

			
>>
-166.0591959616958,64.9540922449319
-165.9205033931494,64.97484568621805
-165.7810211189289,64.99992907197004
-165.6975232772401,65.02205330699488
-165.5556704799388,65.03704569520571
-165.4163322909327,65.05811779263989
-165.2902926648828,65.04584955675703
-165.1686278079683,65.02596155994159
-165.0344319656997,65.04531892100574
-164.880854039282,65.04489290618365
-164.7615218679921,65.03717022934492

			
			
		
>>		
-139.7946788697929,59.93705176376239
-139.6211630797856,59.94555990283624
-139.6121408389838,59.96965528035998
-139.6121408389837,60.00686854894626
-139.5687642886938,60.04047322457919
-139.5359047984041,60.06404239014812

	
>>		
-142.9881639722889,56.62486515590314
-142.9696832926373,56.73521528383215
-142.9537505669486,56.82980358605784
-142.9389623266964,56.91714745805028
-142.9254349564235,56.99666782751611
-142.9085970846807,57.09515039847673
-142.8929649852212,57.18608960806854
-142.8769273205505,57.27890101696586
-142.8611585450461,57.36967920672858
-142.8442961584694,57.46623405016066
-142.8257093223018,57.57204704254583
-142.8066528893096,57.67986883797561
-142.787815573499,57.78579591389912
-142.7668131669449,57.90313777991365
-142.7490694001465,58.00165495576135
-142.7309093762987,58.10190236812636
-142.7126448612364,58.20213924991072
-142.6939807980671,58.30396597989841
-142.6761722872616,58.40056203943024
-142.6589892767153,58.49324878794384
-142.6404135632347,58.59288235603684
-142.5857899830351,58.68445592527621
-142.5342446703606,58.77039740750647
-142.4839433449656,58.85382701765067
-142.4329747109129,58.93792590415981
-142.3780420064139,59.02807648718861

	
>>		
-145.7947693106551,63.79371196909339
-146.1331202001366,63.88066665714145
-146.2822873961459,63.89178659707477
-146.5114917550398,63.97909979332177
-146.6732814686151,64.04651268095901
-146.9711841615192,64.08588699998614
-147.0781337840308,64.08328039854078
-147.1093641105948,64.07358166143788
-147.1850889421416,64.07420497881135
-147.2419226221437,64.05757165961255
-147.375542602898,64.07365290870672
-147.4832869328312,64.10213546793793
-147.5360800136211,64.10172723706918
-147.571985363165,64.07716463635504
-147.6360202613413,64.07498372819522
-147.7163024178218,64.09616681125027
-147.7301828006952,64.10320143779707
-147.7420992108094,64.10973126768482
-147.761136881861,64.11442184819073
-147.786091341042,64.11480681108642
-147.8193496246848,64.12084119276786
-147.854315921442,64.11527653148767
-147.8766265860476,64.11618357421357
-147.8939187620407,64.11835355197582
-147.920799962048,64.12629314741184
-147.927623647213,64.12580843621124
-147.9464275098211,64.12995441426573
-147.9549614033456,64.13359469723845
-147.9632594919314,64.13581428070547
-147.9686875354009,64.13902116689428
-147.9718827717719,64.14170886996932
-147.9859276406476,64.14449932148744
-148.0016316723632,64.15603230205008
-148.0070185133931,64.158296244577
-148.0168644080654,64.15969278379592
-148.043866052626,64.16226287252481
-148.0636291561429,64.16267810116794
-148.0762932895464,64.16331433462555
-148.0984617252301,64.16560330957999
-148.1287232249113,64.16441787063383
-148.1532949755084,64.16943254966432
-148.1820536949705,64.17731550521687
-148.2072482270048,64.18177355934414
-148.2214029249594,64.18402433018996
-148.2436764378369,64.18508181688067
-148.3063177311909,64.18700773478126
-148.3232808524985,64.19420674464182
-148.34059158944,64.20719742489202
-148.3614059687869,64.2082541427241
-148.3768486602827,64.21075137594025
-148.41409896866,64.21176372378176
-148.4264660134643,64.21235897781199
-148.4397390997406,64.21676838660677
-148.4552991662501,64.21960641354804
-148.4640156291391,64.22036314691657
-148.4765505918843,64.22010397917001
-148.487291533259,64.22234782920042
-148.5201636946122,64.22916920572943
-148.5319461754629,64.23201793424593
-148.5459585975797,64.23351832194925
-148.5732806081116,64.23242310833768
-148.6217923000577,64.23310583756711
-148.6504575812695,64.23315011751862
-148.7383126548017,64.22443346472986
-148.7596137895496,64.21614278740658
-148.7873538549083,64.21256366776467
-148.797754856734,64.21224111660015
-148.8133193726554,64.20831314219724
-148.8603510403637,64.20551882167243
-148.8782570782021,64.20818955773844
-148.9066759218965,64.21265052828478
-148.9417295511779,64.21077119336846
-148.9621044629134,64.21533216254555
-148.9774749472207,64.21708693200773
-148.9907169413333,64.22044241068966
-149.0140230449481,64.22074585240941
-149.0312383054321,64.22230569961835
-149.0493638804674,64.21858051009968
-149.067177287427,64.21377363508198
-149.0940080308453,64.21422573553026
-149.1183064813584,64.21654170024021
-149.1395150034142,64.21589920928206
-149.1616639986941,64.21335095328484
-149.189992273524,64.21188183877678
-149.2388987922449,64.20519119931532
-149.2645559690821,64.20522638618976
-149.3629273163257,64.18597878533794
-149.397971422483,64.17694267752573
-149.4570863181029,64.19615634194963
-149.5221509910848,64.21200953825809
-149.6014120799031,64.20314326854798
-149.7201885192841,64.18481211388894
-149.830671826249,64.14801990062662

	
>>		
-143.9776797620109,63.77834664298416
-143.8696287407732,63.81285830996399
-143.7545903946305,63.84713651923592
-143.6783215323123,63.8721816084954

	
>>		
-146.1337544991703,60.53578381796979
-146.1177250189939,60.53280174070868
-146.0852751386362,60.52561354592933
-146.0631999426227,60.52312377194544
-146.0552043868724,60.52299531458305
-146.0316987471989,60.52348908375518
-146.0179081256589,60.52421163685853
-145.9994363808837,60.52550939724182
-145.9464291667721,60.53089766729448
-145.92495382306,60.5343972504337
-145.8887749047375,60.53940283107675
-145.8632853588317,60.54214009489037
-145.8407187210916,60.54573242870958
-145.834098952704,60.54704055198085
-145.7996011388809,60.55224685231133
-145.740548565963,60.56441637032021
-145.6677830810239,60.5807945904989
-145.6096064351883,60.5932595043236
-145.559890844986,60.60264171574351
-145.5422410077158,60.6071790904436
-145.5176841666904,60.61264905311224
-145.4809555206802,60.61905892782818
-145.4447999577513,60.62720511732322
-145.4216979994626,60.63497356727726
-145.3794567557242,60.65106613129785
-145.3375205809096,60.67129898156367
-145.282201853732,60.69921133703451
-145.2602132408479,60.71027806318301
-145.2403749537406,60.72113896509209
-145.2355394708694,60.7233916885765
-145.220407461035,60.73113456990542
-145.2154770879967,60.7337226083127
-145.1979148105196,60.74130649400046

>>>>
-155.2461752668746,61.99751935623426
-155.2564651406531,61.9942034245494
-155.4704910667133,61.94051249055287
-155.6567459570837,61.8933741910134
-155.8740525719398,61.8378865981505
-155.9420725252473,61.82087371540361
-156.0327715236998,61.79688463516278
-156.2047147856304,61.75114599280918
-156.2789803701376,61.72311996949963
-156.4780789130832,61.67165223867714
-156.6484897045697,61.62724193355781
-156.845228308488,61.57555642516311
-157.0467489704881,61.52215150299045
-157.2394455247711,61.45102153582876
-157.3906040353331,61.39481321384865
-157.5618895336744,61.33068012508865
-157.8057762377826,61.26780631481052
-157.8058081929685,61.26779590520187
-158.0563779224084,61.18573420833197
-158.2500326500862,61.12170976219672
-158.4420758785882,61.05204813189368
-158.4427299880634,61.05183671147591

			
		
>>		
-151.0039591287348,63.17654390292637
-151.0759769404618,63.16216918339384
-151.2514024024688,63.09685505388224
-151.3494991280596,63.05891753005611
-151.5107198128685,63.00804448346706
-152.1262299954877,62.80514111849256
-152.1930457536093,62.78815314845929
-152.2704543624949,62.77545288937984
-152.4239548836103,62.73404855369877
-153.0005035680846,62.61087655191227
-153.1823807825937,62.57716106534081
-153.2507833346833,62.56136702758677
-153.3107587847614,62.55054075694339
-153.3835319191862,62.535839780188
-153.5980387933802,62.49896847616397
-153.6374495922487,62.49147180753243
-153.6852856402745,62.48492126989535
-153.7428785160749,62.47616531606158
-153.8035312998458,62.46637994902894
-153.8709627333835,62.45562878694312
-154.022763979764,62.42781832900055
-154.1205320216584,62.40789671132497
-154.1627361987026,62.39915230632072
-154.2080916906212,62.38903621077908
-154.2746611957571,62.37058781857399
-154.3760345609639,62.34553036128494
-154.4425167431588,62.31896665038033
-154.6294696946701,62.24040415442921
-154.7659515233126,62.17172406878399
-154.8370154552582,62.14304696121871
-154.910733631058,62.11396221554791
-155.0839470117446,62.04975005072522
-155.2461752668746,61.99751935623426

	
>>		
-150.2266382185784,63.97549162693796
-150.3238222734916,63.91274791322679
-150.4130945082045,63.85482196266441
-150.4932418259538,63.80158521792594
-150.5675446420711,63.75202151628088
-150.6178121893499,63.71900447365114
-150.674851073218,63.68143060553896
-150.7499578396839,63.63589952099872
-150.8308628987048,63.5866553599929
-150.8966311563023,63.5464722832702

	
>>		
-151.2600874289911,61.04579292510439
-151.2747048674352,61.03527882335993
-151.285263406591,61.02549814719028
-151.295000845612,61.01647206133747
-151.3045592635275,61.00546823020372
-151.3129375926952,60.99581617088043
-151.3211307918876,60.98487043407006
-151.3297579052027,60.97333639236155
-151.3394448503471,60.96179777683163
-151.3490872389844,60.95030330325578
-151.361915200209,60.93588070953308
-151.3737441880433,60.92256870778062

>>>>
-150.9118007344158,61.24195743039207
-150.90877027183,61.24729344533717
-150.896931421947,61.26564166822937
-150.8871573831062,61.27562985093783
-150.8758866997109,61.28798549173804
-150.866998159437,61.30159490438231
-150.857507064399,61.32119452310971
-150.8510538702394,61.33545875282016
-150.8405255681998,61.35263258252863

	
>>		
-151.2137049691085,60.83417901674915
-151.1945931804304,60.86860366802581
-151.1849573269186,60.89361653727433
-151.1718503942798,60.91555607955036
-151.1608161642341,60.92793356578243
-151.1357485775343,60.94422024397005
-151.1184287842605,60.95706425801006
-151.0895349653659,60.97386436814703
-151.0597536648992,60.98643800101388
-151.0248649337692,61.00009608496732
-151.0048700288283,61.01407027522396
-150.9870631438485,61.03109142433073
-150.9688390094122,61.05230391869185
-150.951894120117,61.07294255205808
-150.9364046351653,61.09121056801426
-150.9202024293981,61.11666573283826
-150.9061550118438,61.13256224105555
-150.8919764848264,61.1496556641785

		
>>		
-145.5094033522823,59.14466402522557
-145.4351008199431,59.17928390983299
-145.3572883269941,59.21541746864222
-145.2871582274921,59.25907249743337
-145.1980820938612,59.31430347048583
-145.1101014104511,59.36861740007391
-145.0450465231577,59.42226619722846
-144.9865079521797,59.47036663161575
-144.9385943646778,59.51861611651024
-144.8899272986972,59.56746372156055
-144.8443130177873,59.61310094291697
-144.7963641696701,59.66092204821486
-144.7305555273168,59.69661611204072
-144.6632635220933,59.73300160224311
-144.6347419550767,59.7881572220791

	
>>		
-137.6063845759869,58.60387101383712
-137.5896106613025,58.59343845721996
-137.5603585902761,58.5762554229503
-137.534788599114,58.56173166868249
-137.5004225305747,58.5467987930308
-137.4705567801707,58.53350239661926
-137.4413047109431,58.52041056179895
-137.4106207204693,58.50793240635641
-137.3486390619426,58.48420345422695
-137.3132501935411,58.47049793823018
-137.2770430850698,58.45658786334019
-137.0510092276537,58.3601535774813

	
>>		
-149.9264795327736,58.79359297244844
-149.8374577617645,58.83647837299199
-149.7256331970849,58.8716140794015
-149.6824254094711,58.88353815107639
-149.3967516740633,59.01150056744734
-149.3621013971462,59.02033757137675
-149.2732954811659,59.05247030968975
-149.1790501480683,59.08879120257298
-149.0864410737374,59.16894769150659
-149.0349116286516,59.19769303070712
-148.9516756519016,59.25125891218148
-148.8828839122811,59.28703217761395
-148.8039610076852,59.3283820837145
-148.7247399126342,59.36319165443201
-148.5661083034658,59.43142653933598
-148.3965909942138,59.50708483106199
-148.3204918125631,59.52933980489687
-148.1859912718537,59.56734432168592
-148.137761714389,59.57775156651136
-148.0564541030513,59.60453895751433
-148.0038481567665,59.61168297548989
-147.945007429049,59.62051557883182
-147.8765547509004,59.63947969793066
-147.8418737919413,59.6535079509321
-147.7906966487309,59.68351282375874
-147.7574444939677,59.71273835129483
-147.7375711359986,59.73663833739029
-147.7108135424105,59.75742093422968
-147.7136234474439,59.78526148544252
-147.718902640244,59.80436788417149
-147.7138201118081,59.82024364682781
-147.6816117281982,59.84839743069779

			
		
>>		
-144.92271820578,60.69469467102319
-144.7950755472982,60.67400665048745
-144.5439741336987,60.67132088635082
-144.3745365677079,60.65841345841535
-144.2178340601932,60.6401951309015
-144.1264050824281,60.6377388863415
-143.9986559037464,60.6278584343202

			
>>		
-152.4058472149763,57.4376934401011
-152.3730854762034,57.45806713704897
-152.332547423924,57.47325407631556
-152.239668935972,57.51828891380323
-152.19945604476,57.54446298587904
-152.1452043344119,57.57920311573218
-152.0964253836239,57.60823253980079
-152.0650164982123,57.62750617497097

		
>>		
-149.5725000002743,64.55340000001094
-149.4575000003242,64.61220000013085
-149.3425000003742,64.68340000011085
-149.2275000004242,64.7483000000459
-149.1024999997747,64.8071000001658
-148.9974999996248,64.87210000021577
-148.9224999997747,64.94320000008088
-148.7725000000744,65.02059999999098
-148.6475000003242,65.07940000011087
-148.5275000000245,65.15979999987104
-148.4074999997247,65.21859999999094

	
>>		
-150.3675000001244,63.82020000013085
-150.3175000002243,63.88830000014583
-150.2375000000245,63.95940000001091
-150.1625000001744,64.03679999992099
-150.0774999996248,64.12649999957627
-149.9624999996747,64.22859999999095
-149.8425000002743,64.30899999975117
-149.7525000002743,64.36469999990601
-149.6424999997747,64.41420000013086
-149.4374999998246,64.47610000021582
-149.3175000004242,64.53800000030071
-149.2174999997247,64.60600000020084
-149.0825000001743,64.67410000021579
-148.9575000004242,64.73900000015084
-148.8174999996248,64.78850000037568
-148.7024999996747,64.84729999959626
-148.5825000002743,64.8998999997861
-148.4775000001244,64.958699999906

	
>>		
-145.8688922303123,63.41824081084012
-145.9818791251166,63.43837006141602
-146.3651186644942,63.48333707424754
-146.4248044878362,63.48382384489548
-146.5776318391375,63.49444576995726
-146.7606227432444,63.51369174737725
-147.1618521444603,63.53222631159597
-147.524417988254,63.50917373125598
-147.7674035306355,63.50375280483318
-147.9207154992967,63.49125309977303
-148.0667149563581,63.48968963403161
-148.3924863600713,63.47341232488253
-148.4795965232701,63.4654517413541
-148.6152356599902,63.46367397306278
-148.7216745835804,63.45733811106569
-148.8376212346385,63.45402634431142

>>			
-136.9920119673465,58.34273226359335
-137.0779921845167,58.39913031331064
-137.099786443287,58.4158138482569
-137.101580520376,58.42802026672711
-137.1150856142759,58.43821629033235
-137.1840756710652,58.4878875507356
-137.3122325207186,58.55360896413818
-137.3409171893333,58.56959923150828
-137.3799301513318,58.59307024688187
-137.453034654725,58.64732008845226
-137.4930127284541,58.67081635719011
-137.6073984320914,58.75728976111454
-137.6426992838443,58.77877128586714
-137.7194581112023,58.83787968869764
-137.8098435804164,58.91361126275053
-137.8810484421314,58.96813709275358
-137.9298949688772,59.01944646957987
-137.9751911781298,59.06642298923055
-138.0304613473127,59.12726457360211
-138.1255547260691,59.218800501443
-138.2466448548755,59.31430435506284
-138.4178129359177,59.44688778454454
-138.491151137914,59.49669208567222
-138.5408750290736,59.52811966723144

			
		
>>		
-145.3740082394109,63.85494111882921
-145.4242970549012,63.83508732258284
-145.4474366235091,63.82708417729147
-145.470034504102,63.81697758677837
-145.4983564026074,63.80220764428589
-145.5345867042469,63.79343698364424

		
>>		
-150.5323185859916,63.38341213569263
-150.6041510476711,63.37351675215928
-150.6741236333413,63.3598041909407
-150.6979249431326,63.35496354536775
-150.8122193628474,63.33480137972639
-150.8639320857849,63.31468014767017
-150.8652473488031,63.30833326069474
-150.9080825252041,63.29300472853733
-150.9199225190773,63.28227457278359
-150.971349706831,63.26922321917669
-151.0292172688287,63.26079854358927
-151.0890859142551,63.23230544241596
-151.125187406146,63.21466640003512
-151.1558895772908,63.20163518565644
-151.1883294987053,63.19307111017774
-151.2210387776752,63.17267850639444
-151.2469475733126,63.1591052101493
-151.2759216113887,63.15334360306872
-151.3311846373028,63.12070063000133

			
		
>>		
-151.1848898702504,61.98374451499542
-151.0882332292306,62.05442241231081
-150.9919631478594,62.12443543707952
-150.9091813862158,62.18433624934983
-150.8612563253023,62.25648475158604
-150.823616684274,62.31290337137092
-150.8335821980275,62.37549519159636
-150.8426310624833,62.43211020754508
-150.7248644214866,62.50048840352834
-150.6033203582811,62.57064262069636
-150.5003722547162,62.62973444169852
-150.3803148177968,62.69128686251863
-150.2648258000606,62.75017139944264
-150.158113446949,62.80429906481604
-150.0423007891948,62.86906388029085
-149.9351736762988,62.92864623765352
-149.8236017307804,62.99037081506363
-149.7207827481355,63.04695707655642
-149.6315309852839,63.10278782330789
-149.5225454610899,63.17061197691708
-149.4165526967868,63.23620632939754
-149.2724565074411,63.29092861324929
-149.1288638892094,63.34512391577573
-148.995808660737,63.39504505065382
-148.8376212346386,63.45402634431142

>>			
-144.5764233694053,69.58497101281048
-144.9002230651333,69.60532914446826
-145.2164079110662,69.62463048142413

			
			
>>		
-134.2776776651518,54.37474811163288
-134.2920081637382,54.39409450298376
-134.3001886017115,54.41625715891988
-134.3386032426477,54.46141657230357
-134.4051708893582,54.51526540458355
-134.4929345559538,54.55704025195477
-134.5308095186225,54.572173560464
-134.6104183741488,54.59314325674629

			
>>		
-134.8264268777761,54.92819651655634
-134.7893893818843,54.90380684999479
-134.7486469036717,54.88740180162338
-134.7067524789123,54.86305514879113
-134.6698927560858,54.83371442436115
-134.6318710565712,54.80221879532614
-134.5977654105691,54.75503073198974

		
>>		
-134.6984425894992,54.48425099971998
-134.6901252686632,54.44998844206766
-134.6952337090869,54.4214666849996
-134.6809253447132,54.37363371234424
-134.6359120412963,54.3513916187773
-134.5995465672333,54.32345452142043
-134.5814872302481,54.29913809967393
-134.5441510086603,54.2561992980138
-134.515177873205,54.23325758990561

			
		
>>		
-154.7550688938138,63.29554269234235
-154.8879290113162,63.26732703918982
-155.0200444268669,63.23909872500272
-155.1488478975826,63.21141339515102
-155.2566776612445,63.18811070324737
-155.3368863290538,63.16651227881063
-155.4242463096419,63.14290336967799
-155.5041214782689,63.12123960354683
-155.5870157072223,63.098678359197
-155.659328858688,63.07893134019418
-155.7576813822727,63.05197513197302
-155.8287072054029,63.03243777861802
-155.9236146999579,63.00623823470778
-156.0050223019372,62.99955979634849
-156.1054962647526,62.96141964627667
-156.2188991329881,62.91817351279834
-156.3247442531805,62.88621299493938
-156.4369120909197,62.85218622261705
-156.587036871654,62.80220867686225
-156.6655759281035,62.77593551207366
-156.7659080802931,62.74224452606496
-156.8497676964215,62.71760728654801
-156.9583167107676,62.68735929006676
-157.0690407718136,62.6563598705126
-157.1840690819665,62.60863695373251
-157.2751288600332,62.57068771369493
-157.3705160398868,62.53077270293309
-157.4964629788828,62.47781405447599
-157.5628297131068,62.43026218558737
-157.6318792116558,62.38059947178918
-157.6834268745326,62.349113937109
-157.7484357797869,62.30928814653169
-157.8236111519325,62.25059843027432

			
		
>>		
-157.4964629788828,62.47781405447599
-157.5859820522168,62.44745904928844
-157.6645530546792,62.4207212239063
-157.73558349043,62.39509377153099
-157.806873372008,62.36929458088117
-157.8961014560169,62.34111801088854
-157.9779968243422,62.31356547723482
-158.0589755520795,62.28622700936999
-158.1774458586389,62.24930429325948
-158.3123702746679,62.20274964018472
-158.4458498560855,62.15334556794457
-158.545735768924,62.11494365370959
-158.663920106861,62.06929342895066
-158.750573293622,62.03567485671029
-158.8343166597855,61.9992139415711
-158.9022145961965,61.96243339146395
-158.9762667199327,61.92218299015383
-159.011159093317,61.88876830451463
-159.0484057874966,61.86602759040193
-159.1003553799963,61.84583531125158
-159.1387783640297,61.82583914006527
-159.2405211762108,61.78721894729752
-159.2913413371325,61.75792887451892
-159.3379971810246,61.70127334109276
-159.3605402349434,61.64265754640967
-159.362695047438,61.57423991124388

			
		
>>		
-133.9985273300396,54.32377526887782
-133.9048688792055,54.23546974480804
-133.8210448163611,54.15506214979534
-133.7471203782782,54.08282073328404
-133.6806142970587,54.01755106169674
-133.6107060226242,53.9501937827969
-133.5448627386668,53.8864942311836
-133.5003518533458,53.83996359572226
-133.4599052737981,53.79756756209705
-133.4008140471995,53.73964616295734
-133.3494302915279,53.68911098917761
-133.2679743950439,53.6176039836763
-133.193231911681,53.53830706555291
-133.1394357354789,53.47206984078909
-133.0838639675775,53.41842131212593
-133.0344860541147,53.37060296676046
-132.9738553177436,53.31187287711975
-132.9329072729253,53.27208814333776
-132.8903302884781,53.23174526844079
-132.849901789011,53.1933447462178
-132.7964880861612,53.14684612772888
-132.7391474524009,53.09677536675887
-132.7036504979734,53.06868994741902
-132.6430737043246,53.01798530919532
-132.5915388055224,52.97471805704073
-132.5336237524903,52.92715579752689
-132.4714421563398,52.87592560673082
-132.3909701269619,52.79915384624487
-132.3367532843048,52.7548572479029
-132.288184980472,52.71506713450466
-132.2352300586487,52.67156591541253
-132.154809354905,52.60094714733209
-132.0838816187017,52.53840262322294
-132.0089795167935,52.4777348928724
-131.9356860580804,52.41813771335657
-131.9180879046489,52.40379374955659
-131.8514821355493,52.34109851100408
-131.8256536437133,52.3127809766813
-131.8088125459632,52.29810751461595
-131.7563030367653,52.27311195582597
-131.731485864798,52.26836418110175
-131.7168557636972,52.26023863747209
-131.6901287969808,52.25461627818223

			
			
		
>>		
-141.0569905853465,70.25508516704778
-141.2656426397955,70.25989102931305
-141.4557287628715,70.26406763341552
-141.6108502845238,70.29327590370262
-141.795753740142,70.327837186438
-141.9633348599741,70.38626136780151
-142.1255186003301,70.44240315152067
-142.3012027847534,70.50277761542269
-142.4824661862648,70.56459355814718
-142.7162489308677,70.53945707225012
-142.9546882657349,70.51347236313971
-143.2115142912771,70.48508931834645
-143.5012487077945,70.45257546783496
-143.7470996009465,70.42457318531582
-143.9791471588136,70.3977933403914
-144.2100666581763,70.37709496536294
-144.425811604587,70.35747182459497
-144.6292038714608,70.33871921072405

>>			
-150.8966311563023,63.54647228327021
-151.0446510746203,63.50137123100054
-151.1599006505325,63.48132442815205
-151.2384468929992,63.47026999909578
-151.3345502747274,63.4638083753055
-151.5022970755491,63.4327729979764
-151.6058335136053,63.42405438550241

>>			
-137.0960526387207,58.37697576319411
-137.0604231890907,58.32461732685672
-137.0007565377534,58.25195339978327
-136.9459553630836,58.18491795712305
-136.8923738373496,58.11323279430406
-136.8279686992869,58.02664027230944
-136.7650499627638,57.94159282103239
-136.7016360044755,57.85504104703836
-136.6505707900767,57.78500483562286
-136.6020458697831,57.71471113614641
-136.5498103310876,57.63870228778694
-136.5016274996,57.56827600952271
-136.4450827421871,57.48087168835228
-136.3914851098121,57.39759397286309
-136.3571158362568,57.34069399339261
-136.3167950048278,57.27369280133999
-136.2769276060259,57.21266782164766
-136.2400064755176,57.15595192453961
-136.2047564161873,57.1041133481112
-136.1671517807739,57.04863266953909
-136.1261445185626,56.98791959068245
-136.0633378021111,56.91348143343787
-136.003350474603,56.84206165797797
-135.9432994157032,56.75735063495286
-135.8987547763271,56.69881346958961
-135.8524587380942,56.63775302019387
-135.8025948803574,56.57173267952027
-135.7526917102189,56.50476959375502
-135.6980560763727,56.43114426361975
-135.6456541072018,56.36022062932707

>>		
-135.6456541072018,56.36022062932707
-135.590724910443,56.28677838954034
-135.5413479221918,56.220481447514
-135.4944570622076,56.15727721207927
-135.4416554605809,56.08581803752615
-135.4046571517456,56.0155902525287
-135.3638791685013,55.93785822057475
-135.3097675813054,55.87209962862021
-135.2452187613019,55.79331257119038
-135.1874374003835,55.71803366337841
-135.1207570467071,55.63073796043946
-135.0372442112361,55.5404257500073
-134.9827419226243,55.4850985248282
-134.9354806409334,55.43696590589435
-134.8703312921362,55.36785742966066
-134.8087724613106,55.30228479339807
-134.7393542372205,55.22207900486161
-134.6776152800269,55.15041696191673
-134.6285646338531,55.09273857876666
-134.580726514632,55.03629237668777
-134.5223110554607,54.96009887283559
-134.4637436548797,54.88336236932312
-134.4087489901387,54.81480215635462
-134.3505366788806,54.74192604150485
-134.2986533733733,54.67125300633058
-134.2435404038589,54.595861146651
-134.1930032221383,54.53539490787443
-134.1477921492298,54.48111650092829
-134.110080612307,54.43570764488225
-134.0558346874606,54.38137417702283
-133.9985273300397,54.32377526887782

			
		
>>		
-141.1845153308039,61.46050306221453
-141.294946330708,61.50368579086754
-141.3840882210779,61.54898379005239
-141.4697307196962,61.592328230964
-141.5875139521251,61.63808765538614
-141.7026515485295,61.68259599151277
-141.7725423592763,61.71839332456488
-141.8463048122165,61.75604794245956
-141.9190652380439,61.81410484954448
-141.9859572888971,61.86725732336777
-142.0480190215567,61.91167497769391
-142.1186345247567,61.96202865581019
-142.1794215853952,62.00521629134718
-142.2387692924533,62.04724125887993
-142.2978682162553,62.10323572528932
-142.3461108622358,62.14877718264175
-142.4523913442116,62.21991811512643
-142.5304784596125,62.27193004163907
-142.5988458568383,62.33313992422742
-142.6711580582971,62.39758378016827
-142.7114925567354,62.45136310992052
-142.7593970850069,62.47999167287833
-142.8546049532034,62.53017995682443
-142.9438733723577,62.57703226462827
-143.0480550095359,62.62493320787452
-143.1313412347096,62.66306586679719
-143.2278799687849,62.71984659844274
-143.3067101605448,62.79963454479935
-143.3721420042494,62.84330446952656

			
			
		
>>		
-141.0180068416419,60.37473648420237
-140.8351060656225,60.33263729638925
-140.6930725873104,60.29969821041546
-140.5692805397645,60.27081289609927
-140.4924904825492,60.25552356156408
-140.4169649449757,60.23976859944226
-140.358265152714,60.22323286120857
-140.3265217518768,60.21091861080619
-140.2500365738283,60.17876473510537
-140.2074268913373,60.15413038151285
-140.1860024717361,60.1492105341398
-140.1378400700625,60.14729498357759
-140.0915932189512,60.14168515834435
-140.0584815679694,60.13238105844005
-140.014971216248,60.12499250819868
-139.9721449886997,60.12512933285339
-139.7623922569964,60.11349920752339
-139.6906959544541,60.10009035718527
-139.6752347297983,60.09926940745812
-139.6392497529731,60.09995353253046
-139.6106836803071,60.09571913942764
-139.588761325874,60.08859705650992
-139.5074872732185,60.05083335557584

>>		
-138.0057718841644,60.81907916757044
-138.1195954408914,60.87631895212935
-138.2371828861807,60.93513938817325
-138.3166522123216,60.9721530718843
-138.420796689515,61.02046115086242
-138.5219917184369,61.07907261892018
-138.600596904223,61.12440134764501
-138.718103335022,61.18041760495917
-138.8164714965101,61.22708321881835
-138.9279358045929,61.27971282069109
-139.0440122464032,61.3279418816512
-139.1400227527472,61.36765033529581
-139.2482140420621,61.41901405716471
-139.3435373451718,61.46406184587845
-139.4825805323158,61.51436739192456
-139.6282510344571,61.56675186091061
-139.7583440436464,61.62822885582141
-139.8597351933998,61.67589343341216
-139.9806749935973,61.73246455553667
-140.1087516830566,61.79204011607503
-140.2272998563026,61.84687941605312
-140.3691211926362,61.90881382906311
-140.4936811533074,61.96289190708574
-140.6166151568786,62.01597433850621
-140.734711022595,62.06669837363199
-140.8750542333759,62.11274359984596
-141.0125509198907,62.15758965610142
-141.1537220081636,62.20336263967503
-141.2940581650786,62.23154143371513
-141.4348497416217,62.2596224183408
-141.5653975556521,62.29993148754905
-141.7764970446023,62.34906426490483
-141.8836094813894,62.38326170387656
-142.0006766146892,62.42046000072403
-142.0115227946448,62.42389705017987

	
>>		
-143.9321328611948,59.99668318040194
-143.8462464674517,60.00698210584792
-143.8172144470314,60.02454343642766
-143.7893920941287,60.04572568286108
-143.7531020686034,60.06689430362356
-143.7385860583933,60.07656685084238
-143.7446343959809,60.1049635033157
-143.7506827335684,60.1110021776059

	
>>		
-140.7194774919654,61.41789277776429
-140.6119074069322,61.33165743973191
-140.5038409701123,61.2752818590002
-140.3886119910142,61.20550532982008
-140.2082101747393,61.1061901404286
-140.0932097514487,60.9902847943052
-140.0117283883806,60.87569417734083
-139.9846372179017,60.77369974924798
-139.9396263583801,60.64851505395366
-139.8973976692198,60.53518724471829
-139.7802424512255,60.46467957284117
-139.5682831351174,60.39103726559648
-139.4428704007996,60.33995058963876
-139.3171066710764,60.2759308562373
-139.2374003976243,60.20603782336939
-139.1641905533507,60.14153521617826
-139.1013782363783,60.09119598301361
-139.0296008345015,60.0334458922124
-138.9467192462956,59.96645991629304
-138.8765184410217,59.8983262844518
-138.7841914484165,59.80823033631192
-138.7039746739915,59.72949850725127
-138.6503229594358,59.6635547044196
-138.6008716473069,59.60252105511046
-138.5408598114306,59.52812579686894

	
>>		
-141.4484027191096,59.90990886880024
-141.2119753104117,60.00577042416677
-141.1569465147692,60.01903783722737
-141.0527687368871,60.04708028143078
-140.9857755900708,60.0602027543546
-140.9109966849484,60.07347023936107

			
		
>>		
-144.4351873807871,69.53819871834398
-144.5764233694053,69.58497101281048

			
			
>>		
-156.3787978792768,66.11935937628959
-156.5790331765267,66.11737438095648
-156.7722030427604,66.11522614176167
-156.9464346063912,66.13835672863416
-157.1630479857866,66.14560957530972

			
		
>>		
-144.458807711806,69.93814079186501
-144.7383873936037,69.91248801203012
-145.0060761288097,69.88748454137941
-145.2363508222352,69.85246955984778
-145.4385480717059,69.82140844751405
-145.5991074939645,69.79653234823395
-145.7562710715521,69.77200035183573

>>			
-149.5142329810694,66.21122504644725
-149.571964464436,66.22771284943281
-149.6552216157138,66.2860820804289
-149.6735982887071,66.32547709083585
-149.7136877221692,66.36747456426262
-149.7191655231378,66.4238980591732
-149.7558008008657,66.46775249618173

			
		
>>		
-156.7459399754996,65.3782376514629
-156.8663929175724,65.34753876658056
-156.9928467802644,65.31514063775373
-157.1167594726261,65.27542448558604
-157.2372761363478,65.23659732644393
-157.3591691907159,65.19712551418695

			
		
>>		
-162.7657620649268,65.17553237560989
-162.9110187850062,65.16232702097327
-163.0542875841392,65.17339426708807
-163.1579887821123,65.15720770460641
-163.3597370063377,65.16999279193197
-163.6981292238812,65.09349434766551

>>			
-151.4669999999999,65.23
-151.6473170574316,65.2039306485176
-151.7784464725032,65.19704051150748
-151.8725682116037,65.18366999619532
-152.0175861540328,65.16952950735956
-152.1740990173183,65.15859464848504
-152.374535314937,65.14654036519104
-152.5542199412017,65.13974262286922
-152.7143745513074,65.12987795435372
-152.8255674283893,65.12356446033857
-152.9501451017941,65.11639445612509
-153.0371299907069,65.11460623864184
-153.1370199635309,65.11249320202288
-153.2508551720718,65.10482320278777
-153.3576501281868,65.09754899922822
-153.4734234748734,65.08679249697246
-153.5516272940832,65.07947380468302
-153.6743861074194,65.06789947182044
-153.8234259273328,65.04946289845059
-153.9640215854382,65.03191950697563
-154.0850803113682,65.01669583192557
-154.2062276758936,65.00164016850367
-154.3275591397052,64.98645199968769
-154.4169000664665,64.97183265630161
-154.5163828238454,64.95764140928291
-154.6348013128057,64.93975226976049
-154.7638226122994,64.91823933199851
-154.8960705064796,64.89975423722035
-155.0281445919826,64.88115803256915
-155.149073151467,64.86401211699419
-155.2547360475058,64.84213522488226
-155.3484578273518,64.82264298068475
-155.458857251833,64.79982804789724
-155.6409200221392,64.76678657787227
-155.7466230213291,64.75061300320975
-155.8458607258636,64.73534681886501
-155.9717578857808,64.71586509424179
-156.1180786445258,64.6930617073254
-156.2541871073933,64.671693709504
-156.4182706449651,64.64573301188764
-156.5761752321666,64.62054183491219
-156.7050630369093,64.59982796600393
-156.8217105751727,64.58096319055659
-156.9076515892049,64.56699243938974
-157.011439009819,64.55003892122282
-157.1256235494467,64.53128361907119
-157.2543161878398,64.51703607079035
-157.3853111364384,64.50240905910019
-157.5375791440413,64.48524833057229
-157.6723783634789,64.46991391890219
-157.7981121034425,64.45548989296189
-157.9121084639399,64.44231128487034
-158.0538122177801,64.42579520896339
-158.1666543324086,64.41253631560849
-158.2677727751106,64.4005743630885
-158.3636140963235,64.38916622518863
-158.4601114457297,64.37761060009517
-158.5487227071212,64.36693789579753
-158.6337322491875,64.35664361200639
-158.7347777337094,64.34433677100832
-158.8216791981976,64.32177223303083
-158.892009820761,64.30344886378791
-158.9636621591434,64.28472434847599
-159.0352212581668,64.26596683106354
-159.1095369145595,64.24642589520656
-159.1845579489147,64.22663641996428
-159.2631938219184,64.20407878743725
-159.338394337864,64.18243629587197
-159.4246284818934,64.15753344730227
-159.5062202683368,64.13388743048552
-159.5717261246541,64.11484410338423
-159.6242987045765,64.09952241955641
-159.6830918196842,64.07871541575193
-159.7230381081396,64.06454860706771
-159.770175005711,64.0478006567314
-159.8214516358971,64.02954362470732
-159.9386985611296,63.99340391078698
-160.0589810419348,63.95614213889792
-160.1494721287447,63.92798429468152
-160.2300217681644,63.90282922025547
-160.3252116161856,63.87938158933484
-160.4253764265692,63.85460358572908
-160.4947870894874,63.83104278265373
-160.5700913828334,63.8054029381497
-160.6345016424119,63.78340729407672
-160.7046467596683,63.7593848068977
-160.7657783535334,63.73839080747099
-160.8255824751506,63.71779994271414

			
>>		
-153.9872849376493,63.57221990852292
-154.0868679155213,63.53660748035189
-154.199814676006,63.51721974369718
-154.2787386516734,63.47427393750963
-154.3484852097241,63.43618445924641
-154.4748718032947,63.3979576687469
-154.5989310993902,63.36023530861355
-154.7271322449566,63.30148922374965
-154.8337840902956,63.2577561012474
-154.9407199187887,63.21370153170133
-155.0733837688752,63.14878823310178
-155.1909039501566,63.09095124720325
-155.3101625837742,63.04291484483065
-155.4293248671484,62.99466797185041

			
		
>>		
-151.3266686911007,63.26233286170712
-151.3479715033102,63.27039136052405
-151.3987717337552,63.27410689784884
-151.4353799190759,63.26602738688774
-151.452973033377,63.25503270580023
-151.4824600331033,63.2406820609293
-151.520073935763,63.22680501454077
-151.5407630354852,63.21249864080055
-151.5763285927591,63.16344095497707
-151.5940312859145,63.12781415120306
-151.6312687854254,63.12121911057449
-151.6646408279114,63.10871837945061
-151.7139440762576,63.10567502868058
-151.7751566408657,63.090806627225
-151.8309596169921,63.05904904677704
-151.9237181515709,63.02457248573257
-151.9636553709931,62.99645120243842
-152.0038507449248,62.98542135049338
-152.0722829991659,62.95496590092886
-152.0777443994148,62.91850864481604
-152.2723912858135,62.91136721111213

>>		
-151.2210387776752,63.17267850639444
-151.2768390761492,63.17106435840166
-151.3592480883754,63.16448979874204
-151.3724521939222,63.17069689808875
-151.5045398089505,63.16012301146925
-151.5499254808875,63.13657424247631
-151.5940312859145,63.12781415120304

	
>>		
-148.8376212346385,63.45402634431142
-148.9559664203728,63.44175339857571
-149.1047467119695,63.42416439384695
-149.2982841734132,63.40751123126145
-149.4984080545443,63.3894127342784
-149.7342260471389,63.36493400053708
-149.9971479723717,63.32939675139208
-150.0668521033421,63.32348350058937
-150.2123463605188,63.2961892377425
-150.5810121237099,63.23837250119097
-150.9106301579549,63.19769995479005
-151.0039591287348,63.17654390292637

			
			
		
>>		
-147.7293815506176,63.42241076744394
-147.6661682390723,63.40629783827559
-147.6041722516476,63.40382259643665
-147.533232144947,63.41023647223643
-147.4735609940441,63.41889077419081
-147.434160833655,63.41467555193616
-147.3925809081817,63.42092486439191
-147.3346569169826,63.42539039135445
-147.3010641817661,63.41767793678833
-147.2347595280293,63.42748876779338
-147.1974031309492,63.44810759718888
-147.1223168843162,63.46792324386355
-147.0712401818883,63.48842660930153
-147.0213709560042,63.50098386101737
-146.9771980827248,63.52474416890917

>>		
-145.5345867042469,63.79343698364424
-145.5784228684983,63.7767694089737
-145.6165949507675,63.76687360783963
-145.6338678327337,63.76526178960086
-145.6535007776381,63.76583564879715
-145.7333225574889,63.77454696545271
-145.7947693106551,63.79371196909339

			
		
>>		
-145.0547798890801,63.68784882146696
-145.1270315868377,63.73287986741295
-145.1695323470396,63.73976959339299
-145.1929725367526,63.75034871252397
-145.2358401816785,63.78827303417415
-145.3740082394109,63.85494111882921

			
		
>>		
-144.8408428547135,63.74897994976585
-144.909494508764,63.73445680164105
-144.9411427685233,63.7186887930543
-145.0089056234951,63.69548549466078
-145.0448653302703,63.69129543543694

			
>>		
-144.0006944950543,63.662153399161
-144.0687401427429,63.66365178750095
-144.0983577027452,63.67584874472471
-144.2215793992693,63.69524308779926
-144.2855033901688,63.6986521334901
-144.318600646602,63.70768351488322
-144.3438745332825,63.70893605105886
-144.3624828580968,63.70124741773508
-144.4497719390232,63.69177246103121
-144.5661321896482,63.6745674725118
-144.6179052002642,63.66262910634916
-144.7072924426915,63.66688491141049
-144.7405430002586,63.67323111232692
-144.767551184539,63.69018632673856
-144.8049453216686,63.70218746737867
-144.8338384957495,63.74799597093825

			
			
		
>>		
-143.179957374033,63.19536252955806
-143.2285978777893,63.23055414246068
-143.2686315080371,63.25305172665685
-143.2790441284832,63.2741810562117
-143.3105202220301,63.29201843990002
-143.3629746237793,63.31645320874955
-143.4113420331077,63.34679244681491
-143.4712974794946,63.36442021562141
-143.5158091840461,63.36704327902507
-143.6212643778482,63.3864469777468
-143.6770248735985,63.37652674691283
-143.7549061223191,63.38245041215771
-143.9252290789583,63.42666667862528
-143.9999722702034,63.43650869901819

			
		
>>		
-143.3228626418968,62.82800186189738
-143.4463331528976,62.86611043184195
-143.5381654280915,62.89432489777674
-143.6759030684536,62.92987884358972
-143.8205790268225,62.96699545032749
-143.9571110624677,63.00180927328541
-144.0831601934876,63.03376697716523
-144.220401066117,63.06609546313158
-144.3289561309737,63.09152749841329
-144.4515576320049,63.12010304607115
-144.5857710799709,63.15120670292795
-144.7247211346651,63.18213533761329
-144.8394359504948,63.2075235830744
-144.9715081255989,63.23659053412677
-145.0645333865939,63.25151677434919
-145.1507736070158,63.2652889968907
-145.2302809012193,63.28247141367329
-145.3145496979722,63.30061499053433
-145.4085526823272,63.32077222820553
-145.5222224151125,63.34503125280448
-145.6117379100187,63.36404672709443
-145.6988573076802,63.38247844580814
-145.7741352075396,63.39834564013641
-145.8688922303123,63.41824081084012

	
>>		
-145.7379833244703,63.37045829621437
-145.6447517015293,63.25274281852722
-145.5134374348892,63.21960518882937
-145.3750373217145,63.20196595906271
-145.1595974959272,63.21447925911144

			
		
>>		
-139.6311552171931,59.90220735715349
-139.6235494659092,59.84532746834174
-139.6030204893961,59.80217555760621
-139.5807671149384,59.75526767268383
-139.5208718235792,59.71783076470446
-139.4442198698682,59.67487399295896
-139.3626686473396,59.62900011126718
-139.3159217479957,59.59608891134849
-139.2592481732641,59.55607909757322
-139.2178248380615,59.5219335934796
-139.1714095202326,59.48357419839144
-139.1201497842587,59.45179507631894
-139.0615864865266,59.4153891665777
-139.0073820537195,59.38459539090614
-138.9615645868307,59.35850440597198
-138.9089849172196,59.32849256687936
-138.8502646096544,59.29805942850045
-138.7809824454307,59.26204705275338
-138.7015772046237,59.22063200046739
-138.6311931522411,59.18161954689687
-138.5670316410939,59.14594371787153
-138.4977096740085,59.10727752344463
-138.4262846350273,59.06730628895503

			
		
>>		
-144.5966502246276,59.7502183143247
-144.4995682155002,59.82000314562957
-144.3823274116801,59.88607601979345
-144.3279043795829,59.9114315568218
-144.2674851060522,59.9381576624471
-144.198042916447,59.9616286656314

			
		
>>		
-144.654514607385,60.41732474330873
-144.5982214731887,60.3869372483451
-144.5682076623596,60.34634847181364
-144.530360288296,60.30843170366119
-144.5197723027491,60.27568494990147
-144.5172758782605,60.25935138167502
-144.5213359663404,60.25126511409817
-144.5232219051662,60.22842470673577
-144.5459192638926,60.20785841265761
-144.6057987202342,60.1535002391457

			
		
>>		
-144.7011453399848,60.53221689719301
-144.5959481486378,60.51316290584722
-144.4576836842541,60.48796127459414
-144.3558315747669,60.48572614724487
-144.2156514451575,60.50359194231523
-144.114766843173,60.52992169635176
-144.024297382018,60.55343325504163
-143.9304610648676,60.57225047960853
-143.8204249871229,60.59420608214593
-143.7084850381482,60.60515289655611
-143.6148928157882,60.61422915124359
-143.5301099292882,60.62239120428222
-143.4312264374495,60.63183888225956
-143.3358115269822,60.6320306009519
-143.2261254004662,60.63216842353484
-143.0937216799849,60.61977426195178
-142.9559852312328,60.60673409690204
-142.845390538743,60.59230151165196
-142.7367746533271,60.57802704920989
-142.5651286390689,60.56161796660828

>>			
-146.7118754719749,60.24762260999638
-146.5613996274902,60.31112804292578
-146.5220326574806,60.32326056822163
-146.4695853648721,60.3276208475251
-146.4208662648657,60.33273938481572
-146.3854801070207,60.33248676795093
-146.3558690428215,60.32951564623103
-146.2847183041058,60.34202709007912
-146.2596323055859,60.35289560025269
-146.1442493608188,60.41254601908443
-146.1064623701417,60.41311473595727
-146.0753734149506,60.41867537816717

>>		
-147.5285949023324,60.57253229672904
-147.5200384322273,60.51657348248122
-147.5376267324872,60.39448630859722
-147.5590179077497,60.36177341970848
-147.6317479045416,60.26863229734358
-147.6949707120281,60.21001753598142
-147.7130343714385,60.16906668268225
-147.7686514271211,60.09983098821048
-147.8218916861518,60.03591933511017
-147.8661001159271,59.98522452888979
-147.9117346231538,59.96425742354219

>>			
-147.8139162377077,59.90633440003948
-147.7923364311809,59.91683063312814
-147.7735665593486,59.93100648196457
-147.742838047937,59.94557723480251
-147.7268155384058,59.94923149144115
-147.6952137497614,59.96872334785503

			
			
>>		
-151.3417182750778,62.43799775889043
-151.3998896176111,62.42951425797764
-151.4639339647801,62.41124451802104
-151.5587877875259,62.3933224748533
-151.6266469976603,62.37391766277085
-151.6456559821373,62.34826903129174
-151.8380964100867,62.26651850244325
-151.8817727390112,62.23964151740977
-151.9550572271087,62.18758862991229

			
		
>>		
-150.2560186777192,62.60577539312083
-150.2898411411551,62.59327614318042
-150.3187975888369,62.58690399142703
-150.3435897194892,62.5871909749845
-150.3562252670818,62.58637180321715
-150.3833254861817,62.57976989896272
-150.4018896075188,62.57132544931095
-150.441124001271,62.54961805353128
-150.4623414868695,62.54119208584707
-150.516456950827,62.53075773598172

			
>>		
-150.8556280389024,61.54214340959165
-150.8569621040174,61.56048095663184
-150.8727179834477,61.59639804363577
-150.8846430162616,61.6296768992704
-150.8878494707759,61.6741665587407
-150.8694440653907,61.70557211396285
-150.873873576304,61.7313319942771
-150.8915649892323,61.76488807852299
-150.954457452349,61.84599674675348

>>			
-150.6382213886057,61.57282626961761
-150.6685882934146,61.61678111305888
-150.6841785833744,61.63521196476135
-150.6964250698604,61.64579862470774
-150.7285313579353,61.66687320353645
-150.7436606967831,61.69223766453753
-150.7528707545811,61.72860844422525
-150.7552505936393,61.77810414569072

			
			

>>		
-151.1035718365705,61.31414350911659
-150.6910980966993,61.41370202542908
-150.5916863227645,61.44002847863235
-150.5575916372437,61.45706672564995
-150.4838923475527,61.47333028046914
-150.386914948985,61.50580811042449
-150.2859372735631,61.53674668421743
-150.1846183696329,61.55217497089276
-150.1389841602634,61.55566158747192
-149.9157238408821,61.6046030532892
-149.8141202947511,61.61759985421555
-149.7530835020012,61.62554482203684
-149.5089777608145,61.67346348855011
-149.2624766406509,61.71147813638679
-148.8984275164872,61.78256687746232
-148.6378523045396,61.83404691603335
-148.4810247292072,61.86713594007254

	
>>		
-135.2486396204671,58.96352102764375
-135.248767326456,58.96380277442609
-135.2730192417964,59.01722026620996
-135.2918896109162,59.05866434638337
-135.3519441769814,59.09887424645031
-135.4186456507331,59.1435625168768
-135.4749780309319,59.18118480559733
-135.5359820835058,59.2218048081463
-135.6292762155115,59.25991878202528
-135.7167374330856,59.29551081127588
-135.7903843136832,59.34114411278393
-135.8644108565792,59.38684579886526
-135.9469248062259,59.43759119322963
-136.0228513441318,59.48410364301028
-136.0950578971887,59.52817647034845
-136.1797524442187,59.57967290942275
-136.2542056421694,59.62476607373211
-136.3249913785365,59.66846953290518
-136.388730736955,59.70769181985261
-136.4567927075998,59.74943792164124
-136.5197922247257,59.78795419935923
-136.5763029267014,59.82240177379217
-136.6472856446381,59.8655355638089
-136.7117852812233,59.90459944652443
-136.7679948564393,59.93854170859922
-136.8158627558082,59.96737310595829
-136.8698161797132,59.99978887096056
-136.9185386064105,60.03651569545588
-136.974178898102,60.07833528999165
-137.0155072220277,60.1093141180074
-137.0760578346454,60.16410476173245
-137.1228446544742,60.20629699470385
-137.1657269468261,60.24485845516222
-137.2284139596912,60.28693605248133
-137.27596974745,60.31876542421694
-137.3301365546436,60.35492365550886
-137.3881522978294,60.39140208844352
-137.4444888796462,60.42672284625166
-137.4981812086694,60.46029270623852
-137.5446131705488,60.48293453094017
-137.5990691204744,60.50942871999556
-137.6523146261407,60.53527112579246
-137.7176527751584,60.56689795881432
-137.7670477298272,60.61561793175294
-137.8088702520241,60.65722154654889
-137.8420175686055,60.69011034665965
-137.8707162374732,60.71852468888211
-137.9042790024921,60.75168393490295
-137.9645242690182,60.79173222961006
-138.0057718841644,60.81907916757044

			
		
>>		
-143.1821750170968,59.32893576303258
-143.1267013971648,59.33743519834994
-143.0524451737062,59.33311046160163
-143.0054974428869,59.34353544323044
-142.9155489626511,59.35220053700142
-142.8295496640866,59.36018759392575
-142.7522578839893,59.3871219450325
-142.6893475876095,59.4104722419527
-142.6208575213514,59.42754605522322
-142.5934821558852,59.47414048565199
-142.5656282494987,59.50532180895355
-142.5230739923501,59.54577735263612
-142.4944929628327,59.59514597615057
-142.4898974104979,59.66872632360079
-142.4854287484565,59.7144535693159
-142.4334954028899,59.77172076000601
-142.3662514972082,59.79221124895096
-142.3008397119825,59.81403952080822
-142.2043845869785,59.82825533101967
-142.1491859507703,59.83484784095604
-141.989072739215,59.85453011727201
-141.8643987877734,59.87002472206424
-141.6728657964187,59.8871484469442
-141.6137195932839,59.89311645596066
-141.4484027191096,59.90990886880024

			
			
		
>>		
-136.6505707900767,57.78500483562286
-137.19916935648,57.77539714756126
-137.3631683686247,57.77158745299952
-137.7767310948635,57.79063189504689
-138.0548163759745,57.84770474627797
-138.3044893540998,57.90622982634635
-138.4101909351629,57.91127638190051
-138.5271077410359,57.92799233691279
-138.6387588483882,57.94383886490179
-138.8044158362213,57.94040980536914
-138.9258025074791,57.96258263628054
-139.0150885685372,57.99881428595705
-139.1708266048634,58.0104325748045
-139.3219918236315,58.04846372914106
-139.4735606970679,58.08633081931283
-139.6054302707899,58.11805448632636
-139.7537582032779,58.16058598445655
-139.8487653777819,58.20580187518632
-139.9870254351326,58.25452629232154
-140.1206397446029,58.30133961703068
-140.2365355092151,58.34172821053614
-140.3312148201511,58.37457428955559
-140.4176322427955,58.40443785789252
-140.514342642216,58.43772729947359
-140.6074295862991,58.46963919373658
-140.6811743803765,58.49482985077187
-140.7643728768317,58.52315421056577
-140.8557923814639,58.55416086780161
-140.9490343478361,58.58619888542607
-141.0440070460182,58.61788182568687
-141.1374580202558,58.64893106924126
-141.2617361753749,58.69765865573112
-141.3584435864933,58.72609553803065
-141.4711927886546,58.75909779863461
-141.5978355645732,58.79597280855752
-141.6788158239358,58.82710580681303
-141.7540603774299,58.85593697494757
-141.824471063218,58.88283186847319
-141.9142406354453,58.90797293064939
-141.9995202544001,58.93176426283482
-142.1057503979216,58.96127506028707
-142.2287537067242,58.99571824155507
-142.3780420064139,59.02807648718861
-142.4991694210125,59.06925336411145
-142.5699640163514,59.10150819057468
-142.6686966311728,59.14337586773222
-142.7753295884584,59.1787161768582
-142.8533745615375,59.2103028407946
-142.9152114769366,59.22858096041557
-143.007401988562,59.25804357572681
-143.0955886504844,59.30127480036525
-143.1821750170968,59.32893576303258

			
			
		
	
>>		
-145.3572883269941,59.21541746864224
-145.2550508618879,59.21026202168104
-145.1757980661448,59.21205595442711
-145.0667338389875,59.19885600454901
-144.9956617877097,59.19107125711588
-144.9072573896516,59.18417991048496
-144.8436115447196,59.17252806809499
-144.7624266876139,59.18647512906356
-144.6920793178114,59.17964521443648
-144.6546723238808,59.19272579764614
-144.6121181384539,59.21403023706327
-144.5671451665777,59.22367357972453
-144.5430599580881,59.23913179243651
-144.5051315717912,59.25357459957678
-144.4675379781478,59.27664114071563
-144.3908037561532,59.2882012444618
-144.3346739377791,59.28690467499167
-144.2825365592295,59.28157695415913
-144.2189485578173,59.27679998625127
-144.145022683206,59.2783841330393
-144.0927847792237,59.28302065670606
-144.0422028952797,59.28202048813945
-143.9892805335152,59.27938376025303
-143.9395507468687,59.27553628931641
-143.8908994204652,59.27749909459773
-143.8318250236007,59.28581093254191
-143.7788672504121,59.3017646426603
-143.7460726082427,59.31642089648729
-143.709878233003,59.3236163917849
-143.6617397005609,59.33272721062951
-143.5827163903388,59.34078646715237
-143.5476456946651,59.3350934518182
-143.4950025943475,59.32221806880452
-143.4291353163774,59.31543150533202
-143.4071333924924,59.32226577913629
-143.3464411043761,59.32592690835617
-143.2741735464245,59.32141189109011
-143.1821750170968,59.32893576303258

			
			
		
>>		
-148.5167975861739,59.58659528324154
-148.3848000815249,59.61269968172581
-148.3137202675419,59.62239453612833
-148.2277815448104,59.62427790564848
-148.1560437475979,59.63372425089431
-148.074119310857,59.64558458556116
-148.0129405427713,59.6679258774782
-147.9520215555498,59.67935630475061
-147.9107161454332,59.70052857603389
-147.8443417267887,59.74482148452482
-147.7891379536531,59.77261820786497
-147.7675760097245,59.78755569883739
-147.7490551700595,59.81459004889258
-147.7291819119152,59.83132241759644
-147.6816117281982,59.84839743069779
-147.6332420444841,59.87021232873688
-147.5902975318051,59.89202722767539
-147.5377590335521,59.93828394884611
-147.4962993042689,59.97100629680409
-147.4750554766285,59.98825262985595
-147.45672410883,60.00401418041106
-147.4295982536559,60.01874780227018
-147.3716916904187,60.03776445526632
-147.3308030324335,60.05027090248106
-147.2745525743413,60.07351347696636

			
			
		
>>		
-157.8057852274058,61.2677798018973
-157.872646301999,61.21956226564387
-157.9332446652086,61.17570673687737
-158.012988780559,61.12952738587259
-158.0889897097151,61.08534809433024
-158.1498457153685,61.04985404791655
-158.2237608891532,61.00660090470893
-158.3138859868507,60.95025458662442
-158.3833658456113,60.89759163253932
-158.4513011204213,60.860545646418
-158.5319831214759,60.82487081734901
-158.5903709207253,60.79276232232338
-158.6766513202128,60.75070843708198
-158.7649238304027,60.71371074277939
-158.8526255626116,60.67010257374554

			
		
>>		
-158.4201883915171,61.17294361645893
-158.4527412420084,61.15184099545326
-158.5501880161455,61.10880780262941
-158.6129584776409,61.06445705742477
-158.685892442421,61.00924538689657
-158.7694258808277,60.95617584703407
-158.8118994129271,60.92368103695123

>>		
-154.2691255581381,62.39378926427221
-154.3376656576218,62.38247715576065
-154.4100755317021,62.36472054225992
-154.4921130072212,62.3410939192912
-154.5708681008212,62.31287790626073
-154.6526620324165,62.28041606355792
-154.6946218033518,62.26374828777605
-154.7728974579112,62.23203980091608
-154.8164460841759,62.20052093380829
-154.8515092362151,62.17286565638971
-154.9469652422392,62.12199591908556
-154.972636032691,62.11330410705791
-155.0178479047726,62.09630527028132
-155.0615107412743,62.08001335108777
-155.0908882119463,62.06689665202615
-155.1318114810821,62.04787520914857

			

>>		
-142.0115227946448,62.42389705017984
-142.1496388338121,62.46752663471442
-142.3202937129392,62.52108295090932
-142.5042867854748,62.5783922788181
-142.676839665259,62.63173310799223
-142.8464625512475,62.6837887474456
-142.9909275341086,62.7278290119232
-143.1651850297073,62.78059329460635
-143.3228626418968,62.82800186189738

			
			
		
>>		
-137.7763170632194,60.79004317146595
-137.7828513945208,60.80099919705918
-137.802282608255,60.81385214821884
-137.835448027941,60.83375752936377
-137.8664911614497,60.84395629195876
-137.9089244048537,60.85861833968624
-137.9698333368709,60.87139007464511
-138.0178563232059,60.88169877438011

			
>>		
-163.6427011620937,64.80767009711215
-163.6835839187523,64.81423020587965
-163.7063176343311,64.82017349182857
-163.7283970624628,64.83122006568765
-163.7472375337296,64.84223828096093
-163.7772351987587,64.85686944392681
-163.8043679313545,64.87173580278818
-163.8275686309983,64.88805767040135

			
			
		
>>		
-148.962813263583,66.31496042844716
-149.3024461338632,66.24911399064104
-149.639,66.133

			
			
		
>>		
-147.7475265472492,66.39243677261207
-148.0355510987463,66.35775159400016
-148.3704783382511,66.32932652767066
-148.7002112966218,66.28805954871923
-148.9034700651834,66.2484590831899

			
			

>>		
-140.5822085864437,61.40632572555056
-140.7694834794515,61.42777972403881
-141.0021017332113,61.45403866345949
-141.1845153308039,61.46050306221454

			
			
		
>>		
-141.1623377968608,61.63721294016746
-141.2280397445429,61.63054601373479
-141.2966081891705,61.6216507266064
-141.3660979775,61.64783565788899
-141.4665983871818,61.67241580316072
-141.4950440900801,61.68399284710309
-141.5634030660364,61.70334101911966
-141.6416902994326,61.70520371038525
-141.682392792245,61.71661972748161
-141.7368547945645,61.71751928536867

			
			
		
>>		
-142.5651286390689,60.56161796660828
-142.3980691793486,60.54542303224812
-142.2506317157533,60.52990840825822
-142.0844267693793,60.51220895028376
-141.9704519701265,60.49812895049259
-141.8534310886732,60.48356021193519
-141.7491875686508,60.46846227145251
-141.6509251552353,60.45414425979317
-141.5177725027989,60.43460831308853
-141.3848589390882,60.41495324789503
-141.2955164781391,60.40525970878174
-141.2065857296321,60.39554646598031
-141.1062646379656,60.38451193339578
-141.0180068416419,60.37473648420237

			
			
		
		
>>		
-142.5028395509688,60.53257285140237
-142.595637277404,60.49245590949279
-142.7912168420517,60.42636309019412
-143.0296701551782,60.38084185777201
-143.3291279100422,60.30148778913096
-143.5199231450706,60.21692382134238
-143.712094760579,60.12460934573726

			
>>		
-162.2309107671802,61.39840042929907
-162.4669544463997,61.31540949586108
-162.6552044931707,61.24678734959119
-162.8915823782847,61.17325713304949
-163.1897277556254,61.08450576918905
-163.4412631461772,60.99851051088137
-163.6497283924321,60.92524800920651

			
			
		
>>		
-161.1216638581168,61.60828007354097
-161.2567964102161,61.55282513941125
-161.4026131052224,61.50321357332508
-161.5495330146633,61.45056860791266

			
			
		
>>		
-147.9736,65.00360000000002
-148.2412999999999,64.86649999999999
-148.3517999999999,64.79500000000002
-148.5158,64.7368
-148.7373,64.66160000000002
-148.8447,64.5822
-149.0105,64.47929999999999

			
			
		
>>		
-146.7154,64.79609999999998
-146.8305,64.70419999999999
-147.0295999999999,64.6082
-147.2002999999999,64.49099999999999
-147.4026999999999,64.4015
-147.6682,64.29370000000003

			
		
>>		
-149.8982,65.54510000000002
-149.9393999999999,65.4141
-149.9904999999999,65.29390000000001
-149.9732999999999,65.18819999999999

			
>>		
-147.2311999999999,64.87050000000002
-147.3609,64.80089999999996
-147.5774,64.6865
-147.8040999999999,64.56580000000001
-148.0245,64.46160000000003
-148.3793,64.31830000000002
-148.5810999999999,64.2397

>>		
-152.7634971794203,62.82125325916487
-152.789356528465,62.80918851955669
-152.8202822313882,62.79891456587507
-152.8607726707285,62.7866809517208
-152.9028269073556,62.773982791142
-152.9424858402045,62.76377080143309
-152.9678738212212,62.7606762028022
-153.0153671217591,62.75284750436604
-153.0759804905214,62.74100591107975
-153.1297638570103,62.71649377610869
-153.1704565889586,62.69594709880835
-153.200729622265,62.67824598660155
-153.2419251291482,62.65524817205726
-153.2735451405115,62.63173987251329

			
>>		
-154.9507537832592,55.8119755072203
-154.7321291276322,55.97376994782046
-154.4415820086657,56.16032133827819
-154.0709078595519,56.32483363021556
-153.690251147788,56.51304623181975
-153.3647717146974,56.66119639767087
-153.1341227699611,56.81628705748012
-152.7487654379972,57.03701611110273
-152.4048034636852,57.2570723521284
-151.9549095691536,57.51358628547107
-151.6014026228276,57.73128925115165

			
		
>>		
-151.4620711726576,66.13405719402779
-151.4847490917308,66.1299092852211
-151.5162827841726,66.12258408804387
-151.5280983318728,66.118670108218
-151.5453744796701,66.11379052178214
-151.5573779935352,66.10511773631703
-151.563147828027,66.10073005417313
-151.5719370341783,66.09391230959665
-151.5825495731295,66.08493200685699
-151.5950959574749,66.07512321067993
-151.606976198591,66.06482808971678
-151.6189540143784,66.0586266487859
-151.6329806595931,66.05026521837982
-151.6403483024731,66.04599412030231
-151.6540549895819,66.03848322513319
-151.6708204377196,66.03053941124918
-151.6871836957982,66.02173189979565
-151.6989802399489,66.01447627723229

			
			
		

>>		
-155.6796670305595,55.77641310214962
-155.6373370671765,55.80272688936952
-155.6221041621301,55.81098571401445
-155.5982229262083,55.82259253643527
-155.5797538079388,55.83561629754561

			
		
>>		
-138.5408750290736,59.52811966723146
-138.5432422982557,59.5296139329565
-138.7089765458304,59.63379074045131
-138.7907978989033,59.67935346738955
-138.9559456798487,59.78183539548802
-139.0034239564499,59.83533397308531
-139.0666371079156,59.85681549873721
-139.1191779093324,59.89827347524162
-139.2141344625349,59.94999332693148
-139.2958189909531,59.98543100333913
-139.4215611706111,60.02141597926499
-139.5073504485638,60.05083335557584

	
>>		
-145.5726302161176,65.76400965884085
-145.5132255856727,65.7532070185049
-145.4235687511772,65.74267945439786
-145.34689654408,65.72800789666788
-145.2410855930775,65.70307293611002
-145.1404677172943,65.68410097833193
-145.0729126181259,65.67074809594556
-144.9657986532584,65.65800581317855
-144.8726730511676,65.63831290285704
-144.7822701051057,65.61775710945921
-144.706438697077,65.59757752593038
-144.6408996822512,65.58158289433844
-144.5730143884923,65.56706232170487
-144.5084971158369,65.54594625958218
-144.4661484711031,65.53303328045889
-144.4120422816607,65.52112640226269
-144.3690334200375,65.51030541050088
-144.3194954758382,65.48566673557838

			
			
		
	


