-181.22	51.7	1.5	146.89	0.4
-181	51.7	1.5	146.89	0.4
-179.89	51.2	2.5	164.98	0.4
-179.89	51.3	2.5	156.7	0.4
-179.66	51.3	2.5	155.63	0.4
-179.44	51.1	2.5	181.07	0.4
-179.44	51.2	2.25	146.44	0.4
-179.22	50.9	2.5	160.95	0.4
-179.22	51	2.5	152.2	0.4
-179.22	51.2	2.5	176.66	0.4
-179.22	51.7	1.45	151.91	0.4
-179.22	51.8	1.53	116.23	0.4
-179.22	64.1	1.55	108.09	0.4
-179	51	2.5	155.07	0.4
-179	51.1	2.5	170.17	0.4
-179	51.4	2	134.31	0.4
-178.78	51.5	2.5	173.47	0.4
-178.78	51.6	0.5	179.39	0.4
-178.55	51.7	1.225	129.5	0.4
-178.55	51.8	0.975	138.98	0.4
-178.33	51.2	2.5	159.03	0.4
-178.33	51.6	1.45	162.37	0.4
-178.33	51.7	0.5	155.01	0.4
-178.33	51.8	0.975	147.4	0.4
-178.11	51.2	2.5	154.93	0.4
-178.11	51.3	2.25	162.11	0.4
-178.11	51.5	0.5	134.98	0.4
-178.11	51.6	1	163.5	0.4
-177.89	51.1	2.5	153.16	0.4
-177.89	51.2	0.5	98.604	0.4
-177.89	51.9	0.5	126.7	0.4
-177.89	52	1.55	138.75	0.4
-177.67	51	2	165.65	0.4
-177.67	51.1	1.45	150.56	0.4
-177.67	51.2	2.5	158.97	0.4
-177.67	51.4	2.5	168.51	0.4
-177.67	51.5	2	165.83	0.4
-177.67	60.4	1.45	99.141	0.4
-177.44	51.1	2.5	118.39	0.4
-177.44	51.9	1.55	217.72	0.4
-177.44	52	1.55	125.64	0.4
-177.44	60.3	1.45	92.96	0.4
-177.44	60.4	1.1333	90.931	0.4
-177	51.1	2.5	159.12	0.4
-177	51.2	2.5	159.02	0.4
-177	51.6	2.5	161.81	0.4
-176.78	51	2.5	161.78	0.4
-176.78	51.1	2.5	161.33	0.4
-176.56	51.1	2.5	159.61	0.4
-176.56	51.4	2.5	151.63	0.4
-176.56	51.5	2.5	151.63	0.4
-176.33	51	2.5	152.44	0.4
-176.33	51.2	2.5	165.93	0.4
-176.33	51.3	2.5	175.09	0.4
-176.33	51.6	2.25	149.88	0.4
-176.11	51.1	2.5	151.29	0.4
-176.11	51.2	2.5	156.12	0.4
-176.11	51.4	1.45	150.52	0.4
-176.11	51.9	2.5	156.97	0.4
-175.89	51.1	2.5	147.22	0.4
-175.89	51.4	2.5	155.7	0.4
-175.67	51.3	2.5	153.54	0.4
-175.67	52.2	1	114.74	0.4
-175.45	51.3	2.5	157.89	0.4
-175.45	52.2	1.45	210.55	0.4
-175.45	52.3	1.55	200.46	0.4
-175.22	51.2	2.5	153.78	0.4
-175.22	51.3	2.5	163.76	0.4
-175.22	51.4	2	170.02	0.4
-175.22	51.5	2	171.7	0.4
-175.22	58.4	0.5	92.162	0.4
-175	51.3	1.8333	131.15	0.4
-175	51.5	2.25	155.8	0.4
-175	51.6	2.5	148.03	0.4
-175	51.7	2.5	149.83	0.4
-175	52	2.5	141.11	0.4
-175	52.1	2.5	147.51	0.4
-175	52.3	1	129.45	0.4
-175	52.7	1	120.06	0.4
-174.78	51.3	2.5	155.38	0.4
-174.78	51.4	2.5	157.27	0.4
-174.78	51.5	2.5	143.53	0.4
-174.78	51.6	2.5	151.76	0.4
-174.78	52.1	2.5	146.53	0.4
-174.78	52.5	1.45	108.66	0.4
-174.56	51.3	2.5	167.87	0.4
-174.56	51.4	2.5	157.82	0.4
-174.56	51.6	2.5	155.68	0.4
-174.56	51.9	2.5	150.28	0.4
-174.56	52.5	1.45	110.32	0.4
-174.34	51.3	2.5	166.93	0.4
-174.34	51.4	2.5	157.86	0.4
-174.34	51.5	2.5	154.34	0.4
-174.34	51.6	2.5	160.5	0.4
-174.34	51.8	2.5	153.72	0.4
-174.34	52.5	1.45	134.71	0.4
-174.34	66.4	0.5	78.862	0.4
-174.11	51.3	2.5	140.91	0.4
-174.11	51.4	2.5	149.99	0.4
-174.11	51.5	2.5	161.94	0.4
-174.11	67.1	1.45	93.092	0.4
-173.89	51.4	2.5	155.02	0.4
-173.89	51.5	2.5	154.94	0.4
-173.89	51.6	2.5	151.84	0.4
-173.67	51.3	2.5	162.68	0.4
-173.67	51.4	2.5	164	0.4
-173.67	51.5	2.5	163.66	0.4
-173.67	51.8	2.5	152.39	0.4
-173.67	52.1	2.5	152.97	0.4
-173.67	52.3	2	154.62	0.4
-173.67	52.4	0.5	119.96	0.4
-173.45	51.5	2.5	163.54	0.4
-173.45	51.7	2.5	152.83	0.4
-173.23	51.4	2.5	155.49	0.4
-173.23	51.5	2.5	154.39	0.4
-173.23	51.6	2.5	154.76	0.4
-173.23	51.7	2.5	157.66	0.4
-173.23	52	2.5	152.51	0.4
-173	51.5	2.5	161.1	0.4
-173	51.6	2.5	161.94	0.4
-173	51.8	2.5	148.65	0.4
-173	67	1	98.73	0.4
-172.78	51.4	2.5	159.88	0.4
-172.78	51.5	2.5	162.9	0.4
-171.89	52	2	166.84	0.4
-171.89	52.6	1.45	83.072	0.4
-171.23	51.6	1.55	234.14	0.4
-171.23	52.7	1	162.63	0.4
-171.01	52	2.5	157.35	0.4
-171.01	64.6	1.55	106.42	0.4
-171.01	64.9	1.45	101.39	0.4
-170.78	51.8	1.55	164.32	0.4
-170.78	67	1.45	98.863	0.4
-170.56	51.7	2.5	169.12	0.4
-170.56	51.8	2.5	156.86	0.4
-170.56	52.2	2	134.72	0.4
-170.34	51.9	2.5	165.46	0.4
-170.34	52.7	1.45	112.33	0.4
-170.34	64.9	2	128.46	0.4
-170.12	51.8	2.5	153.28	0.4
-170.12	51.9	2.5	168.62	0.4
-170.12	52.4	2.5	140.21	0.4
-169.9	51.8	2.5	163.77	0.4
-169.9	51.9	2.5	157.41	0.4
-169.9	52	2.5	147.38	0.4
-169.9	52.2	2.5	137.73	0.4
-169.9	52.9	1.55	107.9	0.4
-169.67	51.9	2.2417	133.95	0.4
-169.67	52.1	2.5	148.62	0.4
-169.67	52.5	2.5	114.89	0.4
-169.67	52.7	1.3	138.31	0.4
-169.67	52.8	0.5	118.8	0.4
-169.67	65.8	0.5	77.345	0.4
-169.45	51.9	2.5	155.77	0.4
-169.45	52	2.5	151.36	0.4
-169.45	52.1	2.5	147.21	0.4
-169.45	52.3	2.5	146.56	0.4
-169.45	52.6	0.5	147	0.4
-169.45	52.7	1.45	137.14	0.4
-169.23	52	2.5	143.88	0.4
-169.23	52.3	2.5	143.66	0.4
-169.23	52.5	2.5	146.04	0.4
-169.23	52.6	0.5	133.43	0.4
-169.23	56.8	0.5	103.45	0.4
-169.01	52	2.5	162.52	0.4
-169.01	52.3	2	132.2	0.4
-169.01	56.8	0.5	102.8	0.4
-168.79	52.3	2.5	148.52	0.4
-168.79	56.6	0.5	75.132	0.4
-168.56	52.1	2.5	152.64	0.4
-168.56	52.2	2.5	157.7	0.4
-168.56	53.1	2.5	141.09	0.4
-168.34	52.1	2.5	153.03	0.4
-168.34	52.2	2.5	153.7	0.4
-168.34	52.5	2.5	148.44	0.4
-168.34	52.6	2.5	142.22	0.4
-168.12	52.1	2.5	150.38	0.4
-168.12	52.2	2.5	152.23	0.4
-168.12	52.3	2.5	154.09	0.4
-168.12	52.8	2.5	137.93	0.4
-168.12	54.4	1.45	186.93	0.4
-167.9	52.3	2.5	144.57	0.4
-167.68	54	0.5	201.46	0.4
-167.68	56.4	0.5	107.16	0.4
-167.68	56.5	0.5	107.16	0.4
-167.45	52.3	2.5	156.1	0.4
-167.45	53.5	1	93.211	0.4
-167.45	53.7	0.5	216.83	0.4
-167.23	52.4	2.5	150.12	0.4
-167.23	52.6	2.5	151.39	0.4
-167.23	52.7	2.5	154.54	0.4
-167.23	53.2	0.5	190.89	0.4
-167.23	53.4	0.5	188.48	0.4
-167.23	53.7	0.5	192.33	0.4
-167.23	53.8	0.5	202.67	0.4
-167.23	60.9	1.55	244.79	0.4
-167.01	52.4	2.5	162.34	0.4
-167.01	52.5	2.5	150.03	0.4
-167.01	52.6	2.5	157.07	0.4
-167.01	52.9	2.5	138.14	0.4
-167.01	53.6	0.5	208.21	0.4
-167.01	53.9	0.5	200.11	0.4
-167.01	65.4	0.5	116.16	0.4
-167.01	65.5	1	98.776	0.4
-167.01	65.6	1	109.41	0.4
-166.79	52.5	2.5	145.42	0.4
-166.79	52.8	2.5	135.49	0.4
-166.79	52.9	2.5	128.15	0.4
-166.79	53	2.5	128.37	0.4
-166.79	61	1.5	98.33	0.4
-166.79	65.4	1.1333	107.77	0.4
-166.79	65.5	0.81667	99.996	0.4
-166.79	65.6	0.75	144.65	0.4
-166.79	67.7	0.5	120.83	0.4
-166.57	68.1	2	115.4	0.4
-166.34	52.6	2.5	177.78	0.4
-166.34	65.8	0.5	95.738	0.4
-166.34	66	0.5	102.24	0.4
-166.12	65.9	0.5	108.46	0.4
-166.12	66	1	98.39	0.4
-165.9	65.3	1.45	110.32	0.4
-165.68	53.4	2.5	139.29	0.4
-165.68	54	2.5	144.34	0.4
-165.46	64.6	0.5	103.83	0.4
-165.23	65.6	1.4833	98.728	0.4
-165.23	65.7	1.4833	113.46	0.4
-164.35	52.9	2.5	151.76	0.4
-164.35	53.3	2.5	152.97	0.4
-164.35	54.6	1.5	77.983	0.4
-164.35	65	1	111.96	0.4
-164.12	54.2	1	152.53	0.4
-164.12	54.3	1	156.22	0.4
-164.12	54.5	0.5	165	0.4
-164.12	56.1	2.5	163.94	0.4
-164.12	64.7	1.55	94.892	0.4
-163.9	53.3	2.5	160.83	0.4
-163.9	66.2	1.45	111.78	0.4
-163.68	53.3	2.25	150.8	0.4
-163.68	53.4	2.5	149.39	0.4
-163.68	53.5	2.5	147.24	0.4
-163.68	54.6	1.55	133.73	0.4
-163.68	64.4	1.45	103.41	0.4
-163.68	64.5	1.45	109.48	0.4
-163.46	53.3	2.5	149.58	0.4
-163.46	53.4	2.5	143.16	0.4
-163.46	53.5	2.5	151.79	0.4
-163.46	53.9	2.5	153.79	0.4
-163.46	67.2	0.5	79.886	0.4
-163.24	53.5	2.5	153.32	0.4
-163.24	53.7	2.5	132.76	0.4
-163.01	53.5	2.5	150.77	0.4
-163.01	65.3	1.45	112.42	0.4
-162.79	53.6	2.5	159.31	0.4
-162.79	53.8	2.5	131.05	0.4
-162.79	54.3	2.5	150.78	0.4
-162.79	67.6	1.55	120.58	0.4
-162.57	54.2	2	159.34	0.4
-162.57	68	1.45	110.88	0.4
-162.35	67.6	1	136.33	0.4
-162.35	67.7	0.5	109.72	0.4
-162.35	67.8	0.5	116.11	0.4
-162.13	60.4	1.45	107.05	0.4
-162.13	65.5	0.5	120.61	0.4
-162.13	67.8	0.5	119.77	0.4
-161.9	60	0.5	127.4	0.4
-161.9	65.5	1.45	104.71	0.4
-161.46	54.5	2.5	160.56	0.4
-161.46	55.5	2.5	164.12	0.4
-161.46	55.6	1.55	142.1	0.4
-161.24	54.3	2.5	143.68	0.4
-161.24	54.5	1.55	111.55	0.4
-161.24	68	0.5	129.3	0.4
-160.57	67.2	2.5	121.76	0.4
-160.35	54.8	2.5	138.68	0.4
-160.35	64.6	1	130.84	0.4
-159.91	54.4	2	159.83	0.4
-159.68	61.6	1.45	164.88	0.4
-159.46	54.3	1.55	216.66	0.4
-159.02	54.6	2.5	152.23	0.4
-159.02	60	1.55	208.86	0.4
-159.02	62.3	1.55	142.37	0.4
-159.02	67.7	1.45	145.9	0.4
-158.57	61	1.55	79.582	0.4
-158.35	62.3	1	108.78	0.4
-158.13	55.9	2.5	157.53	0.4
-158.13	68	1.45	124.48	0.4
-157.91	57	1.475	243.49	0.4
-157.91	57.1	1.45	94.745	0.4
-157.91	63.5	1.45	106.45	0.4
-157.91	66.5	1.55	113.94	0.4
-157.91	67	1.45	151.91	0.4
-157.69	57.1	2.5	160.25	0.4
-157.69	57.2	2.5	158.64	0.4
-157.69	58.9	2	126.48	0.4
-157.69	61.9	1.45	133.58	0.4
-157.69	66.3	1.55	123.21	0.4
-157.69	66.4	1.5167	119.57	0.4
-157.69	67	1.45	143.29	0.4
-157.46	57.2	2.3333	173.7	0.4
-157.46	57.3	2.5	156.93	0.4
-157.46	66.3	1.2375	118.89	0.4
-157.46	66.4	1.45	114.33	0.4
-157.24	64.1	1.45	122.86	0.4
-157.24	66.2	1.45	121.78	0.4
-157.24	66.3	1.32	125.36	0.4
-157.02	57	1.25	127.44	0.4
-157.02	58	1.45	138.6	0.4
-157.02	58.1	1.8	130.66	0.4
-157.02	66.3	1.4458	119.85	0.4
-157.02	67.3	0.5	168.89	0.4
-156.8	55.8	2	168.41	0.4
-156.8	57.3	1.45	180.21	0.4
-156.8	58.1	2.5	154.97	0.4
-156.58	66.3	1.5	120.42	0.4
-156.35	58.2	1.4833	147.23	0.4
-156.35	67.3	0.5	146.58	0.4
-156.35	67.4	0.5	126.86	0.4
-156.35	67.8	0.9875	184.58	0.4
-156.13	56.1	2	156.6	0.4
-156.13	63	2	135.64	0.4
-156.13	65.9	1.55	174.64	0.4
-156.13	67.3	0.5	139.96	0.4
-156.13	67.9	0.5	121.09	0.4
-155.91	57.8	1.4125	173.23	0.4
-155.91	58.4	1.55	131.8	0.4
-155.69	57.9	1.55	154.02	0.4
-155.69	58.2	1.45	170.2	0.4
-155.69	58.4	1.45	147.37	0.4
-155.69	59.8	1.55	119.28	0.4
-155.47	57.6	1.55	142.91	0.4
-155.47	57.7	2.5	131.44	0.4
-155.47	58.1	1.55	161.29	0.4
-155.24	58.2	0.66667	104.39	0.4
-155.24	58.3	1	198.4	0.4
-155.24	63.3	1.55	103.94	0.4
-155.24	63.8	1.55	105.8	0.4
-155.02	57.5	1.6667	107.57	0.4
-155.02	58.3	1.5	167.98	0.4
-155.02	62.1	1.55	185	0.4
-155.02	64.8	1.45	116.3	0.4
-154.8	56.9	1.55	156.47	0.4
-154.8	59.3	1.45	129.5	0.4
-154.8	65	1.55	115.65	0.4
-154.8	66.3	1.55	185.91	0.4
-154.58	58	1.55	175.6	0.4
-154.58	58.4	1.5	172.72	0.4
-154.58	59.2	1.55	153.41	0.4
-154.58	59.3	1.45	171.78	0.4
-154.58	66.3	1.55	172.78	0.4
-154.36	57.6	1.5	212.81	0.4
-154.36	58	1.55	148.25	0.4
-154.36	58.4	0.5	164	0.4
-154.36	58.5	0.5	198.01	0.4
-154.36	58.6	0.75	162.76	0.4
-154.36	59.4	1.55	137.18	0.4
-154.36	67.1	1.55	160.91	0.4
-154.13	57.1	1.45	152.41	0.4
-154.13	59.3	1.45	176.83	0.4
-154.13	61.4	2.5	95.056	0.4
-154.13	62	2	115.59	0.4
-154.13	65	1.45	115.01	0.4
-154.13	65.2	1.45	160.07	0.4
-154.13	67.3	1.55	155	0.4
-153.91	58.3	1.45	169.6	0.4
-153.91	58.7	1.45	149.94	0.4
-153.91	58.8	1.5	144.65	0.4
-153.91	59.4	1.45	161.08	0.4
-153.91	61.7	1.45	72.518	0.4
-153.91	64.3	0.5	146.17	0.4
-153.91	66.7	1.45	128.6	0.4
-153.69	57.4	2.5	110.61	0.4
-153.69	59.5	1.55	180.31	0.4
-153.69	63.2	1.225	130.22	0.4
-153.47	59.2	1.55	144.5	0.4
-153.47	60.3	1.55	98.255	0.4
-153.47	62.2	2	76.539	0.4
-153.25	58.8	1.55	159.77	0.4
-153.25	59	1.55	185.79	0.4
-153.25	59.8	1.55	173.39	0.4
-153.25	60	1	138.53	0.4
-153.25	63.9	2.5	135.45	0.4
-153.25	65.4	1.3667	130.14	0.4
-153.25	66.3	1.55	110.67	0.4
-153.25	66.4	1.45	132.14	0.4
-153.02	59.5	1.47	166.14	0.4
-153.02	60	1.7214	143.48	0.4
-153.02	60.1	2.5	131.28	0.4
-153.02	63.4	1.45	130.69	0.4
-153.02	63.5	1.55	216.81	0.4
-153.02	63.6	1.45	115.76	0.4
-153.02	65.8	1.45	140.99	0.4
-152.8	59.5	1.45	142.87	0.4
-152.8	59.8	1.45	206.19	0.4
-152.8	60.2	0.5	111.04	0.4
-152.8	60.5	1.975	125.44	0.4
-152.8	60.8	1.45	117.81	0.4
-152.8	62.1	2.5	98.332	0.4
-152.8	62.7	1.45	229.11	0.4
-152.8	63	2.5	123.94	0.4
-152.8	63.1	1.45	115.25	0.4
-152.8	63.4	1.55	139.57	0.4
-152.8	64.5	1.55	158.55	0.4
-152.8	64.6	0.5	126.69	0.4
-152.58	57.6	0.5	181.51	0.4
-152.58	59.5	1.55	179.72	0.4
-152.58	59.9	2	198.75	0.4
-152.58	60.5	1.8	115.05	0.4
-152.58	62.1	1.55	110.02	0.4
-152.58	62.4	2.025	111.76	0.4
-152.58	62.9	1.45	135.02	0.4
-152.58	63.3	2.5	121.33	0.4
-152.58	63.8	1.55	118.84	0.4
-152.58	64.5	1.5	139.56	0.4
-152.58	64.6	1.55	159.93	0.4
-152.36	61.1	1.5	123.09	0.4
-152.36	61.3	0.5	105.39	0.4
-152.36	61.9	0.5	194.41	0.4
-152.36	63.5	2.5	77.809	0.4
-152.36	64.1	0.5	123.68	0.4
-152.36	64.5	1.45	137.39	0.4
-152.36	64.6	1.5	148.95	0.4
-152.36	64.7	1.5	198.88	0.4
-152.36	64.8	1	146.93	0.4
-152.36	65.3	1.45	123.83	0.4
-152.14	58.7	2.5	160.29	0.4
-152.14	60.7	1.45	159.45	0.4
-152.14	61.2	2.5	176.21	0.4
-152.14	61.3	0.5	133.42	0.4
-152.14	61.5	2.5	120.28	0.4
-152.14	62.6	2.19	218.12	0.4
-152.14	62.7	1.45	132.99	0.4
-152.14	63.2	1.45	78.595	0.4
-152.14	63.3	1.45	146.6	0.4
-152.14	64.5	1	203.42	0.4
-152.14	64.7	1.5	157.79	0.4
-152.14	64.8	1.45	165.29	0.4
-152.14	65	1.975	124.33	0.4
-151.91	59.6	1.45	171.29	0.4
-151.91	61.2	1.45	162.3	0.4
-151.91	61.4	1.5333	195.16	0.4
-151.91	61.5	1.625	182.38	0.4
-151.91	61.8	1.45	112.86	0.4
-151.91	62.7	2.25	186.67	0.4
-151.91	62.8	2.5	135.58	0.4
-151.91	63.3	1.25	129.11	0.4
-151.91	63.4	2.5	155.54	0.4
-151.91	63.8	1.55	150.07	0.4
-151.91	64.5	1.55	106.22	0.4
-151.91	65.1	1.55	183.39	0.4
-151.91	65.6	1.55	127.29	0.4
-151.91	66	1.45	177.23	0.4
-151.69	59.3	1.45	150.94	0.4
-151.69	60.7	1.45	191.3	0.4
-151.69	62.5	2.5	104.8	0.4
-151.69	62.8	1.5	86.93	0.4
-151.69	62.9	2.5	117.89	0.4
-151.69	63	2	125.64	0.4
-151.69	63.1	2	108.52	0.4
-151.69	63.2	2.5	120.81	0.4
-151.69	63.3	1.725	133.14	0.4
-151.69	63.4	2.5	121.44	0.4
-151.69	64.1	0.5	127.72	0.4
-151.69	64.5	1.45	171.65	0.4
-151.69	64.7	0.975	158.57	0.4
-151.69	65.2	1.55	130	0.4
-151.69	65.6	1.45	129.06	0.4
-151.47	61.8	1.775	153.27	0.4
-151.47	62.3	2.5	117.95	0.4
-151.47	62.7	1.5	82.94	0.4
-151.47	63	1.9929	109.13	0.4
-151.47	63.1	1.7941	103.09	0.4
-151.47	63.2	1.9667	124.97	0.4
-151.47	63.3	1.9094	141.23	0.4
-151.47	63.4	2.06	151.6	0.4
-151.47	63.5	2.025	148.98	0.4
-151.47	63.6	2.5	152.23	0.4
-151.47	64.1	1.55	145.8	0.4
-151.47	64.7	1.45	151.83	0.4
-151.47	65.3	1.45	126.98	0.4
-151.47	68	1.45	126.06	0.4
-151.25	59.5	0.5	160.65	0.4
-151.25	59.6	1.45	134.78	0.4
-151.25	61	1	80.281	0.4
-151.25	61.1	2.5	169.21	0.4
-151.25	61.5	1.3667	149.21	0.4
-151.25	61.6	1	77.026	0.4
-151.25	61.7	1.7	159.21	0.4
-151.25	63	1.55	112.1	0.4
-151.25	63.1	2.0167	145.42	0.4
-151.25	63.2	2.05	146.86	0.4
-151.25	63.3	1.8786	159.82	0.4
-151.25	63.4	1.8708	143.1	0.4
-151.25	63.5	1.9921	130.7	0.4
-151.25	64.6	1.5	161.79	0.4
-151.25	65.1	1.45	165.07	0.4
-151.03	60.6	0.5	241.77	0.4
-151.03	60.7	2.5	128.89	0.4
-151.03	60.9	1.85	48.478	0.4
-151.03	61	2.125	225.68	0.4
-151.03	61.2	2.5	101.97	0.4
-151.03	61.3	1.55	97.596	0.4
-151.03	61.6	2.5	223.95	0.4
-151.03	61.8	1.55	71.996	0.4
-151.03	61.9	1.55	85.8	0.4
-151.03	62	2.25	177.07	0.4
-151.03	63.1	1	106.55	0.4
-151.03	63.2	1.55	138.81	0.4
-151.03	63.3	1.7685	159.86	0.4
-151.03	63.4	1.9833	158.93	0.4
-151.03	63.5	2.3267	137.39	0.4
-151.03	63.6	2.0611	131.93	0.4
-151.03	64.8	1.5	170.13	0.4
-151.03	65.3	1.45	131.87	0.4
-151.03	65.8	1.45	141.05	0.4
-150.8	60.8	1.4833	232.54	0.4
-150.8	60.9	1.55	111.19	0.4
-150.8	61	1.45	84.228	0.4
-150.8	61.1	2.025	84.691	0.4
-150.8	61.9	2.5	81.007	0.4
-150.8	62	1.55	72.051	0.4
-150.8	62.7	2.5	115.06	0.4
-150.8	63.4	2.5	112.98	0.4
-150.8	63.5	1.8222	140.22	0.4
-150.8	63.6	2.04	161.93	0.4
-150.8	64.2	1.55	129.88	0.4
-150.8	64.3	1.55	122.11	0.4
-150.8	64.7	1	151.86	0.4
-150.8	64.8	1.55	169.22	0.4
-150.8	65	1.55	158.5	0.4
-150.8	65.8	1.55	153.77	0.4
-150.8	66	2.5	184.78	0.4
-150.8	66.6	1.55	168.24	0.4
-150.58	59.3	2	141.85	0.4
-150.58	59.8	0.5	150.12	0.4
-150.58	61.6	1.5167	98.581	0.4
-150.58	61.8	2	125.53	0.4
-150.58	61.9	1.55	244.34	0.4
-150.58	62	1.7125	104.49	0.4
-150.58	62.1	2.025	112.24	0.4
-150.58	62.2	1.7875	119.25	0.4
-150.58	63	2.5	214.02	0.4
-150.58	63.3	1.45	130.07	0.4
-150.58	63.5	2.5	203.66	0.4
-150.58	63.6	1.8333	92.541	0.4
-150.58	63.8	1.55	143.93	0.4
-150.58	64.8	1.975	161.04	0.4
-150.58	65.2	1.55	144.89	0.4
-150.58	65.8	1.45	169.08	0.4
-150.36	60.9	1.725	198.51	0.4
-150.36	61	2.5	89.428	0.4
-150.36	61.3	1.55	80.996	0.4
-150.36	61.8	2.025	120.21	0.4
-150.36	61.9	1.8	85.379	0.4
-150.36	62	1.55	236.32	0.4
-150.36	62.2	1.6833	111.96	0.4
-150.36	62.3	1.975	112.5	0.4
-150.36	63.3	1.975	145.14	0.4
-150.36	63.4	2.5	146.38	0.4
-150.36	63.9	1.5167	140.55	0.4
-150.36	64	1.775	159.17	0.4
-150.36	64.9	1.5	142.98	0.4
-150.36	65.1	1.45	159.17	0.4
-150.36	65.3	1.45	142.19	0.4
-150.36	65.8	1.45	174.07	0.4
-150.36	65.9	1.8333	148.93	0.4
-150.36	66.5	1.55	142.86	0.4
-150.14	59.6	1	115.9	0.4
-150.14	61.1	2.5	109.68	0.4
-150.14	61.6	2.5	79.707	0.4
-150.14	61.8	1.4833	97.211	0.4
-150.14	61.9	1.45	96.155	0.4
-150.14	62.1	2.25	93.405	0.4
-150.14	62.2	2.0167	111.12	0.4
-150.14	62.3	1.6375	122.43	0.4
-150.14	63.4	2.25	150.68	0.4
-150.14	63.5	2.5	134.07	0.4
-150.14	63.9	1.45	135.73	0.4
-150.14	64	1.5167	138.04	0.4
-150.14	64.2	1.5875	159.39	0.4
-150.14	64.3	1.55	150.84	0.4
-150.14	66	1.45	179.78	0.4
-149.92	61.7	0.5	173.61	0.4
-149.92	61.8	2	92.061	0.4
-149.92	62.1	2.5	234.41	0.4
-149.92	62.2	1.45	116.14	0.4
-149.92	62.3	1.55	128.82	0.4
-149.92	62.6	1.5	222.31	0.4
-149.92	62.7	1.45	118.92	0.4
-149.92	63.1	2.5	158.23	0.4
-149.92	63.2	2.5	134.59	0.4
-149.92	63.7	2.025	153.45	0.4
-149.92	63.9	1.55	157.58	0.4
-149.92	64.1	1.975	157.52	0.4
-149.92	64.2	1.45	155.99	0.4
-149.92	64.3	1.45	166.67	0.4
-149.92	65.2	2.5	137.59	0.4
-149.92	65.3	1.4833	142.01	0.4
-149.92	65.4	1.55	144.14	0.4
-149.92	65.5	1.975	144.62	0.4
-149.92	65.6	1	134.45	0.4
-149.92	66.2	2.5	159.74	0.4
-149.92	66.3	1.55	163.89	0.4
-149.92	66.4	1.5	163.24	0.4
-149.92	66.5	1.45	169.25	0.4
-149.69	61.5	1.25	185.67	0.4
-149.69	61.6	0.81667	210.63	0.4
-149.69	61.7	1.8333	97.449	0.4
-149.69	61.9	1.45	104.41	0.4
-149.69	62.7	2.5	132.49	0.4
-149.69	63.3	1.45	107.02	0.4
-149.69	63.4	1.5	151.73	0.4
-149.69	64	2.5	147.52	0.4
-149.69	64.2	1.45	92.662	0.4
-149.69	64.3	2	180.64	0.4
-149.69	64.4	1.55	149.59	0.4
-149.69	64.6	0.5	168.89	0.4
-149.69	64.7	1.5167	162.82	0.4
-149.69	64.8	1.5	150.78	0.4
-149.69	66.4	1.45	159.73	0.4
-149.69	66.6	1.45	163.57	0.4
-149.69	67.6	1	132.9	0.4
-149.47	61.7	0.5	176.13	0.4
-149.47	61.8	1.55	73.083	0.4
-149.47	61.9	0.85	132.95	0.4
-149.47	62.1	1.55	127.3	0.4
-149.47	62.6	2	93.254	0.4
-149.47	62.8	1.45	121.08	0.4
-149.47	63.2	1.55	85.149	0.4
-149.47	63.3	1.45	112.68	0.4
-149.47	63.4	0.5	115.39	0.4
-149.47	63.7	2.5	152.63	0.4
-149.47	63.9	1.975	100.12	0.4
-149.47	64.5	1.55	172.34	0.4
-149.47	64.6	1.7417	145.15	0.4
-149.47	64.7	1.55	171.23	0.4
-149.47	64.8	2.5	181.8	0.4
-149.47	65	1.45	147.75	0.4
-149.47	65.9	1.55	142.06	0.4
-149.47	66	1.45	156.28	0.4
-149.47	66.3	1.55	155.8	0.4
-149.47	67.5	1.45	169.05	0.4
-149.25	59.4	1.45	167.48	0.4
-149.25	60.1	2.5	91.691	0.4
-149.25	60.3	1	189.9	0.4
-149.25	61.2	1.55	188.03	0.4
-149.25	61.9	1.5375	91.256	0.4
-149.25	62.1	0.5	222	0.4
-149.25	62.2	0.5	233.2	0.4
-149.25	62.3	2.5	86.283	0.4
-149.25	62.4	1.45	121.62	0.4
-149.25	62.6	2.5	144.49	0.4
-149.25	62.7	1.45	117.27	0.4
-149.25	63	2.5	128.83	0.4
-149.25	63.1	1.8333	120.66	0.4
-149.25	63.2	1.55	103.63	0.4
-149.25	63.8	1.55	149.11	0.4
-149.25	64	2.5	179.63	0.4
-149.25	64.5	1.45	165.86	0.4
-149.25	64.6	1.5167	133.66	0.4
-149.25	64.7	1.4833	164.06	0.4
-149.25	64.8	1.45	150.92	0.4
-149.25	64.9	1.5	175.96	0.4
-149.25	65	1	184.4	0.4
-149.25	65.2	1.45	156.67	0.4
-149.25	66.2	1.45	145.54	0.4
-149.03	59.9	2	203.49	0.4
-149.03	60.2	1.55	192.1	0.4
-149.03	60.6	2.5	115.9	0.4
-149.03	61	1.45	226.57	0.4
-149.03	61.8	1	233.46	0.4
-149.03	62.1	0.975	92.18	0.4
-149.03	62.4	1.1333	108.43	0.4
-149.03	62.8	2.5	139.92	0.4
-149.03	62.9	2.025	137.74	0.4
-149.03	63	1.45	144.68	0.4
-149.03	63.5	1.48	130.18	0.4
-149.03	63.6	0.5	122.4	0.4
-149.03	63.8	2.025	142.7	0.4
-149.03	64	2.5	149.55	0.4
-149.03	64.7	1.5	174.1	0.4
-149.03	64.8	1.0167	176.21	0.4
-149.03	64.9	1.3389	178.17	0.4
-149.03	65	0.975	158.22	0.4
-149.03	65.1	1.4667	168.05	0.4
-149.03	65.2	1.5308	163.93	0.4
-149.03	65.3	1.45	150.6	0.4
-149.03	66.2	0.5	166.88	0.4
-148.81	61.4	0.5	84.984	0.4
-148.81	61.8	1.55	126.54	0.4
-148.81	62.1	0.5	214.06	0.4
-148.81	62.2	1.25	200.5	0.4
-148.81	62.3	0.5	194.66	0.4
-148.81	62.4	2.5	78.023	0.4
-148.81	62.7	2	162.25	0.4
-148.81	62.8	1.91	150.81	0.4
-148.81	62.9	2.4	137.56	0.4
-148.81	63.3	1.55	100.57	0.4
-148.81	63.5	2.5	135.25	0.4
-148.81	63.6	1.5	147.88	0.4
-148.81	63.7	1.45	123.78	0.4
-148.81	63.8	2.5	163.76	0.4
-148.81	63.9	1.975	168.31	0.4
-148.81	64	2.5	165.14	0.4
-148.81	64.7	2	227.1	0.4
-148.81	64.8	1.275	190.62	0.4
-148.81	65	1.3	209.11	0.4
-148.81	65.2	1.4833	159.87	0.4
-148.81	65.4	1.5	131.01	0.4
-148.81	66.2	1.45	159.7	0.4
-148.81	66.5	1.5	153.33	0.4
-148.81	68.1	1.45	146.42	0.4
-148.58	59.9	2	191.3	0.4
-148.58	61.2	2.5	233.96	0.4
-148.58	61.7	0.5	158.43	0.4
-148.58	61.8	0.975	153.82	0.4
-148.58	62	0.5	216.67	0.4
-148.58	62.1	0.66667	227.98	0.4
-148.58	62.2	1.8333	202.52	0.4
-148.58	62.3	1.5	79.201	0.4
-148.58	62.6	1.55	142.83	0.4
-148.58	62.9	1.75	131.1	0.4
-148.58	63	0.5	78.909	0.4
-148.58	63.5	1.9083	164.52	0.4
-148.58	63.7	1.45	122.76	0.4
-148.58	64.2	1.5	175.24	0.4
-148.58	64.3	1.45	194.64	0.4
-148.58	64.7	1.45	190.76	0.4
-148.58	64.9	0.975	163.24	0.4
-148.58	65	1.45	154.82	0.4
-148.58	65.1	1.4167	149.54	0.4
-148.58	65.2	1.5294	152.12	0.4
-148.58	65.6	0.5	153.63	0.4
-148.58	66	1.45	165.14	0.4
-148.58	66.2	1.75	143.87	0.4
-148.58	68.6	1.45	178.53	0.4
-148.36	60.4	1.45	159.41	0.4
-148.36	60.5	1.5	175.87	0.4
-148.36	61	2.5	204.35	0.4
-148.36	61.7	1	133.41	0.4
-148.36	61.8	1.45	145.22	0.4
-148.36	62	1.45	219.71	0.4
-148.36	62.1	0.83333	175.14	0.4
-148.36	62.3	1.45	248.43	0.4
-148.36	62.4	1.45	87.822	0.4
-148.36	62.5	2.5	93.74	0.4
-148.36	63.4	1.45	88.316	0.4
-148.36	63.5	2.0633	132.65	0.4
-148.36	63.8	2.5	174.08	0.4
-148.36	63.9	1.975	157.61	0.4
-148.36	64.3	1.55	173.63	0.4
-148.36	64.6	1.55	139.3	0.4
-148.36	65.6	1.55	160.14	0.4
-148.36	66.3	2.5	162.88	0.4
-148.14	60.4	1.5	223.25	0.4
-148.14	61.1	0.5	217.07	0.4
-148.14	61.5	0.5	189.02	0.4
-148.14	61.6	2.1833	172.91	0.4
-148.14	61.7	0.89	152.74	0.4
-148.14	62	0.5	194.96	0.4
-148.14	62.1	0.875	236.67	0.4
-148.14	62.2	1.5	166.06	0.4
-148.14	62.3	1.5	119.98	0.4
-148.14	62.4	1.975	101.47	0.4
-148.14	62.5	2.5	236.86	0.4
-148.14	63	2.5	162.1	0.4
-148.14	63.2	2.5	165.5	0.4
-148.14	63.5	2.2325	155.39	0.4
-148.14	63.6	1.45	130.15	0.4
-148.14	64.3	2.5	196.47	0.4
-148.14	64.4	1.475	184.19	0.4
-148.14	64.8	1.27	175.64	0.4
-148.14	65.5	1.5	142.8	0.4
-148.14	66.1	1.5	160.29	0.4
-148.14	66.5	1.45	143.12	0.4
-147.92	60.4	1.55	176.01	0.4
-147.92	60.6	1.975	196.8	0.4
-147.92	61.2	1.5	198.16	0.4
-147.92	61.5	1.09	199.69	0.4
-147.92	61.6	1.8	212.89	0.4
-147.92	61.9	1.1667	225.77	0.4
-147.92	62	0.5	213.97	0.4
-147.92	62.1	1.3813	231.31	0.4
-147.92	62.3	1.45	231.57	0.4
-147.92	63.5	2.1295	145.77	0.4
-147.92	63.6	2	161.89	0.4
-147.92	63.8	2.5	176.12	0.4
-147.92	64.4	1.45	180.27	0.4
-147.92	64.5	1.5	169.08	0.4
-147.92	64.8	1.3	173.31	0.4
-147.92	65	1.45	133.76	0.4
-147.92	65.5	1.55	154.62	0.4
-147.92	65.6	1.5	141.54	0.4
-147.92	65.8	1.45	139.49	0.4
-147.92	66.4	2.5	144.72	0.4
-147.92	66.5	1.5	133	0.4
-147.92	68.6	1.55	175.8	0.4
-147.7	60.4	1.15	177.74	0.4
-147.7	60.6	0.5	201.49	0.4
-147.7	60.9	0.5	192.78	0.4
-147.7	61	1.45	192.03	0.4
-147.7	61.3	0.5	216.78	0.4
-147.7	61.4	2.5	213.94	0.4
-147.7	61.6	0.85	168.24	0.4
-147.7	61.7	0.5	213.86	0.4
-147.7	61.8	0.5	248.53	0.4
-147.7	61.9	1.45	194.51	0.4
-147.7	62	1	120.54	0.4
-147.7	62.2	0.5	222.62	0.4
-147.7	62.4	0.5	183.7	0.4
-147.7	63.2	1.8333	138.14	0.4
-147.7	63.5	1.8684	154.51	0.4
-147.7	63.6	1.7759	151.16	0.4
-147.7	64.2	2.5	202.54	0.4
-147.7	64.5	1.55	186.08	0.4
-147.7	64.6	0.975	184.44	0.4
-147.7	64.7	1.5	196.98	0.4
-147.7	64.9	1.1667	161.59	0.4
-147.7	66	1.55	133.89	0.4
-147.7	66.3	1.5	188	0.4
-147.7	66.6	1.55	157.94	0.4
-147.7	66.7	1.55	191.74	0.4
-147.7	69	1.55	171.26	0.4
-147.7	69.6	1.55	163.06	0.4
-147.47	60.3	2	249.21	0.4
-147.47	60.4	1.525	189.9	0.4
-147.47	60.5	1.1667	171.46	0.4
-147.47	60.6	1.225	137.6	0.4
-147.47	60.7	0.5	197.84	0.4
-147.47	60.9	0.5	188.56	0.4
-147.47	61	1.45	225.05	0.4
-147.47	61.3	1.15	213.13	0.4
-147.47	61.4	1.1667	195.62	0.4
-147.47	61.7	0.5	235.69	0.4
-147.47	61.8	1.55	70.923	0.4
-147.47	63	1.45	171.19	0.4
-147.47	63.1	1.55	153.52	0.4
-147.47	63.2	1.775	154.54	0.4
-147.47	63.3	1.55	135.63	0.4
-147.47	63.4	1.55	171.69	0.4
-147.47	63.5	1.971	161.61	0.4
-147.47	63.6	1.8567	165.41	0.4
-147.47	63.7	2.5	155.39	0.4
-147.47	63.8	0.5	208.81	0.4
-147.47	64	2.0167	176.63	0.4
-147.47	64.2	2.5	204.23	0.4
-147.47	64.3	2.5	205.22	0.4
-147.47	64.4	1.55	180.22	0.4
-147.47	64.7	1.55	165.32	0.4
-147.47	64.8	1.45	159.92	0.4
-147.47	64.9	1.4667	184.02	0.4
-147.47	66	2	239.28	0.4
-147.25	60.4	1.4833	189.14	0.4
-147.25	60.5	1.45	197.36	0.4
-147.25	60.6	1.725	166.59	0.4
-147.25	60.7	1.47	200.72	0.4
-147.25	60.8	0.5	210.65	0.4
-147.25	60.9	2.5	208.34	0.4
-147.25	61.3	1.5	212.08	0.4
-147.25	61.4	1.7375	189.8	0.4
-147.25	61.5	1.45	208.97	0.4
-147.25	61.6	1	101.24	0.4
-147.25	62.3	0.5	183.47	0.4
-147.25	63.3	1.6375	135.32	0.4
-147.25	63.4	2.2071	142.67	0.4
-147.25	63.5	1.9872	150.2	0.4
-147.25	63.6	1.9412	152.29	0.4
-147.25	63.7	2	176.35	0.4
-147.25	64	1.525	184.4	0.4
-147.25	64.2	1.45	184.19	0.4
-147.25	64.4	1.55	198.34	0.4
-147.25	64.5	1.3875	161.91	0.4
-147.25	66	1.55	233.23	0.4
-147.25	66.8	1.55	160.46	0.4
-147.25	67.3	1	166.93	0.4
-147.25	68.5	1.55	153.55	0.4
-147.25	68.9	0.5	161.26	0.4
-147.25	69.1	1.55	124.94	0.4
-147.03	60.1	1.45	83.686	0.4
-147.03	60.2	1.45	164.94	0.4
-147.03	60.5	0.5	231	0.4
-147.03	60.8	1.55	181.07	0.4
-147.03	61	0.5	190.98	0.4
-147.03	61.2	2.5	179.4	0.4
-147.03	61.3	1.59	215.42	0.4
-147.03	61.4	1.5	220.29	0.4
-147.03	61.5	1.45	221.44	0.4
-147.03	61.6	0.5	196.56	0.4
-147.03	61.7	1.5	216.61	0.4
-147.03	61.8	1.025	209.61	0.4
-147.03	62.4	2	167.41	0.4
-147.03	63.3	1.7625	176.58	0.4
-147.03	63.4	2.0813	141.88	0.4
-147.03	63.5	1.5667	130.35	0.4
-147.03	63.6	1.6625	148.89	0.4
-147.03	63.7	1.45	167.51	0.4
-147.03	63.9	1.55	164.58	0.4
-147.03	64.5	1.2143	213.49	0.4
-147.03	64.6	1.45	218.04	0.4
-147.03	65.3	1.45	162.76	0.4
-147.03	66.6	1	170.87	0.4
-147.03	67.4	1.55	159.89	0.4
-147.03	67.6	1.45	176.78	0.4
-147.03	69.1	1.55	179.89	0.4
-147.03	69.7	2.5	135.05	0.4
-146.81	60.4	1.55	190.96	0.4
-146.81	60.8	0.81667	181.22	0.4
-146.81	61	0.5	166.92	0.4
-146.81	61.1	1	212.87	0.4
-146.81	61.2	1.025	208.08	0.4
-146.81	61.3	1.28	203.72	0.4
-146.81	61.4	0.7875	196.19	0.4
-146.81	61.5	1.475	176.44	0.4
-146.81	61.6	2.5	177.38	0.4
-146.81	61.7	0.5	234.1	0.4
-146.81	61.8	0.975	220.55	0.4
-146.81	61.9	0.5	196.44	0.4
-146.81	63.2	1.55	170.88	0.4
-146.81	63.5	1.5045	140.19	0.4
-146.81	63.6	2	191.7	0.4
-146.81	64.4	1.7	199.39	0.4
-146.81	64.5	1.4833	203.76	0.4
-146.81	64.6	1.45	188.7	0.4
-146.81	65	1.45	169.16	0.4
-146.81	66.3	1.55	158.56	0.4
-146.81	66.6	1.45	190.65	0.4
-146.81	67.1	1.55	177.48	0.4
-146.81	68.6	1.55	150.13	0.4
-146.59	60	2.5	167.38	0.4
-146.59	60.3	2	148.84	0.4
-146.59	61	1.5	229.52	0.4
-146.59	61.2	2	174.84	0.4
-146.59	61.3	1.25	211.16	0.4
-146.59	61.4	0.94444	191.3	0.4
-146.59	61.5	1.05	195.57	0.4
-146.59	61.6	0.75	221.45	0.4
-146.59	61.7	1.4833	196.86	0.4
-146.59	63.5	1.55	145.41	0.4
-146.59	63.7	1.55	170.28	0.4
-146.59	63.8	2	167.12	0.4
-146.59	64.5	1.45	180.6	0.4
-146.59	64.6	2.5	186.65	0.4
-146.59	65.9	2	186.9	0.4
-146.59	67	1.725	162.83	0.4
-146.59	69.8	1.55	139.14	0.4
-146.36	60.7	2.025	161.15	0.4
-146.36	61	0.5	251.8	0.4
-146.36	61.2	2.5	173.15	0.4
-146.36	61.4	2	153.9	0.4
-146.36	61.5	0.79	189.97	0.4
-146.36	61.6	0.63571	221.52	0.4
-146.36	61.7	1	128.05	0.4
-146.36	63.6	1.225	193.85	0.4
-146.36	63.8	1.55	196.96	0.4
-146.36	66.8	1.5	220.37	0.4
-146.36	66.9	1.55	183.39	0.4
-146.36	67.4	1.5167	153.91	0.4
-146.36	69	1.55	143.66	0.4
-146.36	69.2	1.45	70.993	0.4
-146.36	69.4	1.45	144.32	0.4
-146.14	60.2	1	217.63	0.4
-146.14	61.3	1.1333	170.03	0.4
-146.14	63.4	2.1833	174.62	0.4
-146.14	63.5	1.5611	182.07	0.4
-146.14	63.6	1.5	189.39	0.4
-146.14	63.8	2.5	230.04	0.4
-146.14	63.9	2	222.35	0.4
-146.14	65	2	140.76	0.4
-146.14	68.8	1.55	157.07	0.4
-146.14	69.1	1.55	155.58	0.4
-146.14	69.2	1.525	140.98	0.4
-145.92	60.8	2.5	177.37	0.4
-145.92	60.9	1.55	197.83	0.4
-145.92	61.5	0.5	180.36	0.4
-145.92	63.4	1.18	108.67	0.4
-145.92	63.5	1.5083	154.75	0.4
-145.92	64	2.5	199.87	0.4
-145.92	66.8	1.45	140.89	0.4
-145.7	61.1	1.55	164.58	0.4
-145.7	61.4	1.45	192.39	0.4
-145.7	62.1	1.5	158.41	0.4
-145.7	62.2	1.8526	204.11	0.4
-145.7	62.3	2.5	217.51	0.4
-145.7	63.3	2.025	191.49	0.4
-145.7	63.4	2.5	183.59	0.4
-145.7	67.5	1.45	158.03	0.4
-145.7	68.9	1.45	176.76	0.4
-145.7	69.7	1.45	166.63	0.4
-145.48	61.1	1.55	227.09	0.4
-145.48	62.1	2.5	128.87	0.4
-145.48	62.2	2.08	168.99	0.4
-145.48	63.2	2.5	192.63	0.4
-145.48	63.3	1.8964	191.26	0.4
-145.48	63.4	2.21	194.7	0.4
-145.48	65.7	1.55	140.19	0.4
-145.48	69.6	1.45	166.64	0.4
-145.48	69.7	1.55	160.3	0.4
-145.25	60.6	1	133.6	0.4
-145.25	63.2	2.3333	180.03	0.4
-145.25	63.3	1.9833	179.96	0.4
-145.25	63.4	2.04	199.08	0.4
-145.25	65.2	2.5	192.43	0.4
-145.25	65.7	1.8333	164.97	0.4
-145.25	67.8	1.55	161.71	0.4
-145.25	69.6	1.55	144.25	0.4
-145.25	69.7	1.5	162.86	0.4
-145.03	60.3	1.45	239.15	0.4
-145.03	60.4	1.55	187.45	0.4
-145.03	63.2	1.5625	183.51	0.4
-145.03	63.3	1.9611	199.46	0.4
-145.03	63.4	1.9	211.5	0.4
-145.03	63.5	1.55	207.79	0.4
-145.03	63.6	2.5	175.81	0.4
-145.03	65.4	1.55	180.3	0.4
-145.03	65.7	1.45	172.21	0.4
-145.03	65.8	1.55	144	0.4
-145.03	68.1	1	149.36	0.4
-145.03	69.1	1.55	149.11	0.4
-145.03	69.5	1.55	144.14	0.4
-145.03	69.6	1.4944	151.2	0.4
-145.03	69.7	1.45	155.92	0.4
-145.03	69.8	1.55	142.07	0.4
-144.81	60.4	0.975	170.02	0.4
-144.81	60.5	1.5	165.91	0.4
-144.81	63.2	1.6667	204.93	0.4
-144.81	63.3	1.975	180.96	0.4
-144.81	63.4	1	147	0.4
-144.81	63.5	2.5	189.27	0.4
-144.81	65.6	1.45	155.11	0.4
-144.81	66.4	2.5	195.32	0.4
-144.81	69.1	1.55	167.01	0.4
-144.81	69.2	1.45	134.48	0.4
-144.81	69.3	1.45	134.1	0.4
-144.81	69.5	1.725	156.36	0.4
-144.81	69.6	1.6643	155	0.4
-144.81	69.7	1.55	151.74	0.4
-144.81	69.8	1.55	123.41	0.4
-144.59	60.4	1.5	199.96	0.4
-144.59	63.1	2.1417	200.78	0.4
-144.59	63.3	1.55	214.57	0.4
-144.59	63.5	1.55	234.12	0.4
-144.59	65.5	1.45	160	0.4
-144.59	65.6	1.5	158.74	0.4
-144.59	67.2	1.55	181.4	0.4
-144.59	69.1	1.525	143.93	0.4
-144.59	69.2	1.4667	144.98	0.4
-144.59	69.5	1.5167	148.34	0.4
-144.59	69.6	1.475	145.28	0.4
-144.59	69.7	1.55	154.94	0.4
-144.59	69.8	1.45	128.11	0.4
-144.37	62.7	1.45	148.67	0.4
-144.37	63.1	1.7667	187.71	0.4
-144.37	63.2	1.725	230.3	0.4
-144.37	65.5	1	133.55	0.4
-144.37	69.2	1.45	175.11	0.4
-144.37	69.5	1.4393	162.89	0.4
-144.37	69.6	1.2	154.53	0.4
-144.37	69.7	1.5	146.29	0.4
-144.14	63	2.0917	189.86	0.4
-144.14	63.1	2.1286	185.86	0.4
-144.14	63.3	2.025	187.38	0.4
-144.14	65.3	1	116.07	0.4
-144.14	65.6	1.55	164.08	0.4
-144.14	66.8	1.45	182.02	0.4
-144.14	67.2	1.55	182.71	0.4
-144.14	69.4	1.55	166.27	0.4
-144.14	69.5	1.4938	162.46	0.4
-144.14	69.6	1.52	161.44	0.4
-144.14	69.7	1.2	122.44	0.4
-143.92	60.6	1.5	227.18	0.4
-143.92	62.9	1.8	226.28	0.4
-143.92	63	2.1667	194.46	0.4
-143.92	67.4	1.55	167.94	0.4
-143.92	69.4	1.45	176.45	0.4
-143.7	60.4	1.55	87.355	0.4
-143.7	60.7	0.69	118.65	0.4
-143.7	62.7	2.5	175.22	0.4
-143.7	62.8	1.375	197.09	0.4
-143.7	62.9	1.7625	214.29	0.4
-143.7	63	2.25	145.84	0.4
-143.7	63.1	2.0111	213.81	0.4
-143.7	63.2	2.5	243.05	0.4
-143.7	63.3	1.55	205.24	0.4
-143.7	65.6	1.55	149.93	0.4
-143.48	60.4	1.55	118.4	0.4
-143.48	60.5	2.25	179.57	0.4
-143.48	62.7	1.1929	172.95	0.4
-143.48	62.8	1.7333	205.78	0.4
-143.48	62.9	1.4833	197.83	0.4
-143.48	63.1	1.6643	216.75	0.4
-143.48	63.2	1.975	222.87	0.4
-143.26	60.2	1.55	143.32	0.4
-143.26	60.3	2	91.447	0.4
-143.26	60.4	1.8625	157.37	0.4
-143.26	60.5	2	186.85	0.4
-143.26	60.7	1.3667	171.79	0.4
-143.26	62.6	1.775	171.2	0.4
-143.26	62.7	2	202.76	0.4
-143.26	62.8	2	91.11	0.4
-143.26	63	1.45	215.03	0.4
-143.26	63.1	1.55	246.97	0.4
-143.26	63.2	1.8	206.62	0.4
-143.26	65.3	1.55	174.61	0.4
-143.26	65.6	1.55	173.03	0.4
-143.03	60.4	1.5	135.73	0.4
-143.03	60.5	1.4833	92.858	0.4
-143.03	60.7	2.0167	102.1	0.4
-143.03	62.6	1.55	231.83	0.4
-143.03	63.1	2.15	253.79	0.4
-143.03	65.6	1.55	166.32	0.4
-143.03	67.1	1.55	184.93	0.4
-143.03	67.2	1.45	172.93	0.4
-142.81	60.3	1.5	123.95	0.4
-142.81	60.4	1.75	134.2	0.4
-142.81	60.5	1.45	135.09	0.4
-142.81	60.6	1.6	195.75	0.4
-142.81	60.7	1.55	166.18	0.4
-142.81	61.9	1.7375	149.67	0.4
-142.81	62.5	1.9115	204.74	0.4
-142.81	62.6	1.5	182.21	0.4
-142.81	66.1	1	179.41	0.4
-142.59	60.5	2.5	245.83	0.4
-142.59	60.6	1.32	187.59	0.4
-142.59	61.6	2.5	162.48	0.4
-142.59	62.2	1.45	190.55	0.4
-142.59	62.3	1.475	210.2	0.4
-142.59	62.4	1.525	166.89	0.4
-142.59	62.5	1.55	153.82	0.4
-142.59	62.6	1.45	184.94	0.4
-142.59	66.3	1.47	191.13	0.4
-142.37	60.1	2.5	174.5	0.4
-142.37	62.2	1.45	223.43	0.4
-142.37	62.3	1.2625	165.22	0.4
-142.37	66	1.45	172.3	0.4
-142.37	66.2	1.45	200.24	0.4
-142.37	66.3	1.575	149.93	0.4
-142.37	66.4	1.5	198.05	0.4
-142.37	66.8	1.55	154.89	0.4
-142.15	66	1.5	193.22	0.4
-142.15	66.3	1.45	190.67	0.4
-142.15	66.4	1.025	180.83	0.4
-142.15	66.5	1.45	207.51	0.4
-141.92	60.2	2.5	143.11	0.4
-141.92	60.3	2.5	179.29	0.4
-141.92	60.5	0.5	117.57	0.4
-141.92	61.7	1.5	170.57	0.4
-141.92	62.1	2	117.98	0.4
-141.92	62.2	1.525	171.74	0.4
-141.92	66.1	1.55	174.89	0.4
-141.92	66.5	1.5	163.53	0.4
-141.7	60	1.8333	176.3	0.4
-141.7	60.1	2	166.85	0.4
-141.7	60.2	1.8667	188.18	0.4
-141.7	60.3	2.5	159.53	0.4
-141.7	60.4	2.5	164.13	0.4
-141.7	60.6	1.5	124.13	0.4
-141.7	60.7	1.55	155.73	0.4
-141.7	62.2	1.72	198.16	0.4
-141.7	62.3	1.45	115.74	0.4
-141.7	66.1	1.55	153.94	0.4
-141.48	59.9	1.55	182.11	0.4
-141.48	60	1.9944	132.94	0.4
-141.48	60.1	2.5	158.97	0.4
-141.48	60.2	2.375	168.8	0.4
-141.48	60.3	2.5	179.7	0.4
-141.48	60.4	1	210	0.4
-141.48	60.5	2.025	135.94	0.4
-141.48	60.6	1.45	220.05	0.4
-141.48	61.4	2	175.59	0.4
-141.48	61.5	2.5	193.95	0.4
-141.48	61.6	1.5	186.56	0.4
-141.48	61.7	1.55	186.59	0.4
-141.48	61.9	2.25	199.19	0.4
-141.48	62.2	2	170.6	0.4
-141.48	62.3	1.5	184.18	0.4
-141.48	66.1	1.55	161.69	0.4
-141.26	59.9	1.55	191.51	0.4
-141.26	60	2.5	198.55	0.4
-141.26	60.1	2.3188	166.17	0.4
-141.26	60.2	2.5	166.66	0.4
-141.26	60.3	1.4875	169.7	0.4
-141.26	60.4	1.3167	125.89	0.4
-141.26	60.6	2.25	195.37	0.4
-141.26	61.2	2	146.21	0.4
-141.26	61.6	2.1667	167.51	0.4
-141.26	61.9	1	180.86	0.4
-141.26	62.1	1.55	194.11	0.4
-141.26	62.2	1.45	177.35	0.4
-141.26	62.3	2.5	185.95	0.4
-141.04	59.9	2.21	171.3	0.4
-141.04	60.2	2.0556	168.29	0.4
-141.04	61.2	1.45	200.48	0.4
-141.04	61.5	2.1286	187.91	0.4
-141.04	61.6	1.9636	184.14	0.4
-141.04	61.9	2.025	189.93	0.4
-141.04	67.7	1.45	169.49	0.4
-140.81	60	2.25	167.31	0.4
-140.81	60.1	1.8625	161.81	0.4
-140.81	60.2	2	153.63	0.4
-140.81	60.3	1.55	206.26	0.4
-140.81	60.6	1.45	222.23	0.4
-140.81	61.2	0.5	170.77	0.4
-140.81	61.4	2.5	201.58	0.4
-140.81	61.5	2.5	197.28	0.4
-140.81	61.6	1.45	208.86	0.4
-140.81	61.7	2.5	182.15	0.4
-140.81	64.8	1.55	191.09	0.4
-140.59	60	2.25	125.12	0.4
-140.59	60.1	2.095	163.71	0.4
-140.59	60.2	1.8625	139.07	0.4
-140.59	60.3	2.5	173	0.4
-140.59	60.4	0.81667	136.61	0.4
-140.59	61.3	1.55	196.71	0.4
-140.59	61.4	1.45	189.27	0.4
-140.59	61.5	1.9833	203.44	0.4
-140.59	61.6	1.45	216.78	0.4
-140.59	61.7	1.55	209.16	0.4
-140.59	62.3	1.45	195.63	0.4
-140.37	60	1.75	134.73	0.4
-140.37	60.3	2.0167	138.36	0.4
-140.37	60.4	1.975	151.22	0.4
-140.37	60.5	2.5	88.872	0.4
-140.37	60.8	1.45	82.951	0.4
-140.37	61.2	1.4833	200.5	0.4
-140.37	61.3	1.4833	202.11	0.4
-140.37	61.5	2.5	212.25	0.4
-140.15	60	1.8333	134.79	0.4
-140.15	60.1	1.9833	177.32	0.4
-140.15	61	1.45	201.48	0.4
-140.15	61.1	1.525	216.94	0.4
-140.15	61.2	1.5167	201.71	0.4
-140.15	61.4	2.025	192.79	0.4
-139.93	60.1	2	127.29	0.4
-139.93	61.2	1.45	209.42	0.4
-139.93	61.3	2.5	207.23	0.4
-139.7	60.1	2.5	168.23	0.4
-139.48	59.6	1	215.73	0.4
-139.48	59.7	2	194.98	0.4
-139.48	60	2	145.64	0.4
-139.48	60.4	1.55	171.26	0.4
-139.48	61.3	2.5	211.14	0.4
-139.26	59.7	2	210.19	0.4
-139.26	59.9	1.45	78.176	0.4
-139.26	60.1	2.5	148.06	0.4
-139.26	61.2	2.5	193.66	0.4
-139.26	62.4	1.45	207.55	0.4
-139.04	59.5	1.4833	193.03	0.4
-139.04	59.6	1.45	229.23	0.4
-139.04	59.7	2.5	190	0.4
-139.04	59.8	1.45	177.9	0.4
-139.04	59.9	1.5	134.98	0.4
-139.04	60	2.5	203.47	0.4
-139.04	65.1	1.45	200.44	0.4
-139.04	67.4	1.45	225.99	0.4
-138.82	59.6	1	84.735	0.4
-138.82	59.7	2.5	201.34	0.4
-138.82	59.8	2.025	240.9	0.4
-138.82	60.4	2.5	162.48	0.4
-138.82	64.6	1.775	185.42	0.4
-138.59	60.9	1.45	159.7	0.4
-138.59	61	2.5	184.9	0.4
-138.37	59.3	1.55	173.55	0.4
-138.37	60.9	2.5	209.79	0.4
-138.37	61	2.375	191.66	0.4
-138.15	59.1	1.7	220.97	0.4
-138.15	59.2	1.55	80.336	0.4
-138.15	59.8	2.5	227.88	0.4
-138.15	60.7	1.55	195.65	0.4
-138.15	60.9	2.5	205.04	0.4
-137.93	60.4	1.5	204.01	0.4
-137.71	58.5	1.55	225.8	0.4
-137.71	58.6	2	227.29	0.4
-137.71	58.8	2.5	226.45	0.4
-137.71	59.6	2.5	232.79	0.4
-137.71	60.4	1.55	203.18	0.4
-137.71	60.7	1.55	197.97	0.4
-137.48	58.1	2.025	203.46	0.4
-137.48	58.7	2.5	217.27	0.4
-137.48	58.8	2.5	233.68	0.4
-137.48	58.9	1	176.38	0.4
-137.48	59	2.5	205.71	0.4
-137.26	58.2	1.55	203.82	0.4
-137.26	58.3	1.55	189.89	0.4
-137.26	58.5	1.5	94.822	0.4
-137.26	59	1.45	108.03	0.4
-137.26	59.8	2	200.07	0.4
-137.04	58.3	1.55	187.91	0.4
-137.04	58.4	1.55	183.17	0.4
-137.04	59.1	2.25	233.31	0.4
-137.04	59.3	2.5	241.43	0.4
-137.04	62.4	2.5	195.79	0.4
-136.82	58.3	1.55	161.4	0.4
-136.82	59	2.5	93.066	0.4
-136.82	59.1	2.5	244.36	0.4
-136.82	59.4	2	223.07	0.4
-136.82	59.8	1.6056	236.92	0.4
-136.82	59.9	1.8	226.9	0.4
-136.6	58.8	2.5	96.732	0.4
-136.6	59	1.975	158.1	0.4
-136.6	59.1	0.5	97.753	0.4
-136.6	59.7	1.5333	223.4	0.4
-136.6	59.8	1.7717	231.51	0.4
-136.6	59.9	2.15	233.85	0.4
-136.37	57.4	1.45	197.81	0.4
-136.37	59	2.5	109.57	0.4
-136.37	59.1	2.025	227.73	0.4
-136.37	59.2	2.025	231.7	0.4
-136.37	59.3	2.5	207.83	0.4
-136.37	59.4	1.55	219.14	0.4
-136.37	59.5	2.5	223.48	0.4
-136.37	67.9	1.55	203.55	0.4
-136.37	68.1	0.5	207.24	0.4
-136.15	59.2	2.1833	230	0.4
-136.15	59.8	1.55	246.69	0.4
-135.93	56.5	1.45	194.78	0.4
-135.93	66.9	1.5	225.78	0.4
-135.71	66.3	1.45	215.44	0.4
-135.71	66.7	2	208.9	0.4
-135.49	66.2	1	174.1	0.4
-135.49	66.3	1.55	201.69	0.4
-135.26	55.5	1.45	195.99	0.4
-135.26	59.4	2.5	94.162	0.4
-135.26	66.1	2.5	144.61	0.4
-135.26	66.3	2.5	120.14	0.4
-135.04	55.4	1.55	218	0.4
-135.04	55.5	1.55	201.12	0.4
-135.04	55.7	1.55	198.29	0.4
-135.04	59.3	2.5	90	0.4
-135.04	64.6	2.5	179.16	0.4
-135.04	65.4	1.45	184.78	0.4
-135.04	65.6	1	214.06	0.4
-134.82	55.1	1.55	202.29	0.4
-134.82	55.3	2.5	234.21	0.4
-134.6	55.2	1.55	187.07	0.4
-134.6	65.2	2.5	180.14	0.4
-134.38	54.7	1.55	200	0.4
-134.38	55	1.55	198.39	0.4
-134.38	58.8	2.5	128.85	0.4
-134.15	54.3	1.5	202	0.4
-134.15	65	2.5	199.7	0.4
-134.15	65.5	2	199.41	0.4
-133.93	65.2	1.5	169.89	0.4
-133.93	65.4	2.5	184.21	0.4
-133.71	53.9	1.55	193.75	0.4
-133.71	54	1.45	197.34	0.4
-133.71	64.9	2.5	172.03	0.4
-133.71	65	1.55	189.93	0.4
-133.49	62.3	1.45	185.05	0.4
-133.49	65.2	2.5	188.48	0.4
-132.82	64.7	1.55	194.93	0.4
-132.38	52.9	2.5	227.58	0.4
-132.16	52.6	2.5	213.34	0.4
-131.71	51.7	1.55	202.73	0.4
-131.71	51.9	1.45	215.07	0.4
-131.71	52.2	1.975	173.27	0.4
-131.49	51.3	1.45	216.18	0.4
-131.49	51.4	1.45	215.51	0.4
-131.49	51.5	1.45	219.08	0.4
-131.49	52.1	1.55	221.74	0.4
-131.49	52.4	0.5	95.001	0.4
-131.27	51.1	1.5	189.56	0.4
-131.27	51.2	1.55	192.79	0.4
-131.27	51.3	1.45	193.98	0.4
-131.27	51.4	1.55	213.64	0.4
-131.27	51.5	1.45	204.9	0.4
-131.27	51.6	1.45	211.55	0.4
-131.05	50.9	1.45	190.9	0.4
-131.05	51.1	1.45	204.46	0.4
-131.05	51.4	1.45	213.22	0.4
-131.05	51.5	1.45	212.27	0.4
-130.82	50.6	1.45	211.74	0.4
-130.82	50.7	1.45	212.75	0.4
-130.82	50.8	1.45	189.85	0.4
-130.82	50.9	1.55	194.72	0.4
-130.82	51	1.5	209.19	0.4
-130.82	51.1	1.5	211.11	0.4
-130.82	51.3	1.55	192	0.4
-130.82	51.4	1.45	211.22	0.4
-130.82	51.5	1.45	211.22	0.4
-130.82	51.6	1.45	215.46	0.4
-130.82	51.7	1.45	199.71	0.4
-130.6	49.4	1.5	185.5	0.4
-130.6	49.8	1.5	195	0.4
-130.6	50	1.45	185.61	0.4
-130.6	50.3	1.5	196	0.4
-130.6	50.5	1	74.706	0.4
-130.6	50.6	1.45	200.86	0.4
-130.6	50.7	1.5	201.72	0.4
-130.6	50.8	1.5	201.31	0.4
-130.6	50.9	1.5	205	0.4
-130.6	51	1.4625	206.42	0.4
-130.6	51.1	1.55	217.3	0.4
-130.6	51.2	1.45	210.29	0.4
-130.6	54.9	1.55	209.93	0.4
-130.38	49.5	1.45	199.94	0.4
-130.38	49.6	1.55	201.96	0.4
-130.38	49.8	1.45	198.91	0.4
-130.38	50	1.45	196.38	0.4
-130.38	50.1	1.45	201.86	0.4
-130.38	50.2	1.45	213.34	0.4
-130.38	50.3	1.45	213.03	0.4
-130.38	50.4	1.5	198.95	0.4
-130.38	50.5	1.53	197.44	0.4
-130.38	50.6	1.5167	196.38	0.4
-130.38	50.7	1.45	197.58	0.4
-130.38	51	1.55	202.26	0.4
-130.38	51.1	1.5	221.74	0.4
-130.38	51.2	1.55	205.9	0.4
-130.38	63.9	1.45	195.44	0.4
-130.38	66.7	2.5	156.73	0.4
-130.16	48.9	1.55	200.44	0.4
-130.16	49	1.55	193.26	0.4
-130.16	49.1	1.5	180	0.4
-130.16	49.3	1.45	192.73	0.4
-130.16	49.4	1.55	184.23	0.4
-130.16	49.6	1.45	197.73	0.4
-130.16	49.8	1.4857	181.61	0.4
-130.16	49.9	1.5	196.4	0.4
-130.16	50	1.4833	186.6	0.4
-130.16	50.3	1.45	198.03	0.4
-130.16	50.4	1.5	196.74	0.4
-130.16	50.5	1.55	188.49	0.4
-129.94	49.1	1.45	172.99	0.4
-129.94	49.2	1.45	189.32	0.4
-129.94	50.2	1.55	179.35	0.4
-129.94	50.3	1.5	181.62	0.4
-129.94	50.4	1.55	179.1	0.4
-129.94	50.8	1.55	185.06	0.4
-129.71	48.9	1.45	172.01	0.4
-129.71	49	1.45	169.55	0.4
-129.71	49.1	1.45	178.18	0.4
-129.71	49.2	1.45	166.99	0.4
-129.71	50.1	1.55	177.21	0.4
-129.49	48.8	1.55	170.68	0.4
-129.49	48.9	1.45	170.55	0.4
-129.49	49	1.45	172	0.4
-129.49	49.1	1.45	190.23	0.4
-129.49	49.4	1.55	186.52	0.4
-129.49	49.5	1.55	195.36	0.4
-129.49	60.6	2	210.6	0.4
-129.27	48.1	1.4833	228.16	0.4
-129.27	48.7	1.55	170.57	0.4
-129.27	49	1.55	171.7	0.4
-129.27	49.1	1.55	180.6	0.4
-129.27	63.6	1.55	201.71	0.4
-129.27	64.9	2.5	203.47	0.4
-129.05	47.4	1.45	177.84	0.4
-129.05	47.5	1.45	172.66	0.4
-129.05	47.6	1.45	172.32	0.4
-129.05	48.1	1.45	215.35	0.4
-129.05	48.7	1.55	160.97	0.4
-129.05	48.8	1.45	177.97	0.4
-129.05	49.1	1.45	172.14	0.4
-129.05	49.2	1.45	176.9	0.4
-129.05	49.3	1.55	175.65	0.4
-129.05	49.4	1.55	158.11	0.4
-128.83	48.5	1.55	216.43	0.4
-128.83	48.9	1.45	175.32	0.4
-128.83	49.2	1.5	165.06	0.4
-128.83	64.3	2.5	231.45	0.4
-128.6	48.5	1.55	184.03	0.4
-128.6	48.8	1.45	194.88	0.4
-128.38	48.8	0.5	182.31	0.4
-128.38	49.4	1.5	165	0.4
-128.16	48.6	1.55	191.25	0.4
-128.16	48.7	1.45	152.97	0.4
-128.16	48.8	1.55	167.28	0.4
-127.94	48.9	1.55	181.49	0.4
-127.94	49	1.45	190.06	0.4
-127.72	62.5	1.45	211.18	0.4
-127.72	62.6	1.45	200.05	0.4
-127.49	49.6	1.55	199.27	0.4
-127.27	49.5	1.45	210.59	0.4
-126.38	49.2	1.45	185.07	0.4
-126.38	63.4	2.5	230	0.4
-125.72	62.9	1	217.12	0.4
-125.5	60.9	2	223.17	0.4
-125.5	62.6	1.45	225.92	0.4
-125.27	48.5	1.45	211.87	0.4
-124.39	50.9	1.45	146.83	0.4
-124.39	62.2	2.5	236.79	0.4
-124.39	62.3	2.5	230.67	0.4
-124.16	62.1	2.5	235.79	0.4
-123.94	62.2	2.5	244.16	0.4
-123.72	63.6	2.5	245.67	0.4
-123.28	48.9	2	183.04	0.4
-123.05	47.5	2	186.22	0.4
-123.05	47.6	1.55	180.8	0.4
-122.83	47.4	2	227.29	0.4
-122.83	47.5	2	198.4	0.4
-122.83	47.8	2.5	168.76	0.4
-122.61	65.6	1.5	215	0.4
-122.39	48.4	2.5	177.76	0.4
-122.39	49.5	1.45	161.17	0.4
-121.94	47.9	2.5	157.08	0.4
-121.94	48.3	2.5	150	0.4
-121.94	53.6	2.5	192.17	0.4
-121.72	47.6	2	171.22	0.4
-121.72	56.6	2.5	224.67	0.4
-120.61	47.2	2	162.29	0.4
-120.61	47.8	2	186.22	0.4
-120.61	56	2.5	216.95	0.4
-120.61	56.2	2.5	213.36	0.4
-119.72	48.5	2.5	192.52	0.4
-119.72	56.1	2.5	195.49	0.4
-119.28	49.2	2	163.89	0.4
-117.28	54.4	1.55	227.94	0.4
-116.62	54.2	1.55	222.78	0.4
-116.62	56.1	2.5	204.4	0.4
-116.62	56.2	2.5	208.92	0.4
-115.28	48	1.55	180.58	0.4
-115.28	52.5	2.5	233.55	0.4
-115.06	52.2	1.45	230.05	0.4
-115.06	52.6	2.5	238.85	0.4
-114.4	48.5	1.55	173.89	0.4
-114.17	47.3	2	170.1	0.4
-114.17	52.2	1.5	243.22	0.4
-113.06	47.3	0.5	182.02	0.4
-113.06	47.4	0.5	168.53	0.4
-112.4	48.5	2.5	246.15	0.4
