-149.23	70.48	147	0.05
-149.4	70.47	114	0.05
-150.08	70.41	75	0.05
-148.76	70.4	147	0.05
-148.24	70.39	134	0.05
-148.2	70.35	136	0.05
-148.84	70.32	92	0.05
-147.61	70	140	0.05
-149.57	69.15	82	0.05
-148.4	70.48	158	0.1
-148.05	70.37	132	0.1
-148.34	70.36	92	0.1
-147.86	70.33	146	0.1
-147.86	70.33	82	0.1
-123.87	48.15	155	0.1
-146.53	69.71	175	0.1
-146.28	69.66	118	0.1
-148	70.2	135	0.1
-122.004	47.05	179	0.05
-122.5	47.808	115	0.1
-122.4	47.97	110	0.05
-120.225	47.035	22	0.2
-122.4	47.97	15	0.2
-142.4	59.95	161	0.1
-143.28	59.9	167	0.1
-142.03	59.89	2	0.1
-142.9	59.88	163	0.1
-142.27	59.86	159	0.1
-142.97	59.77	165	0.1
-143.13	59.71	165	0.1
-142.98	59.68	18	0.1
-144.03	59.66	17	0.1
-143.27	59.61	178	0.1
-122.723	48.914	5	0.2
-124.146	47.135	24	0.05
-124.167	47.05	168	0.05
-124.428	47.787	110	0.1
-124.135	47.208	5	0.1
-123.68	47.11	27	0.2
-122.251	47.792	146	0.05
-122.251	47.792	88	0.2
-129.357	70.782	43	0.2
-131.338	69.477	34	0.1
-134.321	69.614	36	0.2
-134.37	69.939	43	0.2
-135.391	69.57	70	0.2
-135.818	69.404	50	0.3
-131.337	69.483	34	0.1
-113.723	76.712	64	0.1
-123.82	60.4	157	0.2
-138.43	66.56	40	0.2
-126.91	65.27	34	0.2
-124.1	60.12	54	0.2
-123.88	60.43	72	0.2
-123.91	60.4	65	0.2
-121.18	60.47	59	0.2
-129.18	65.87	17	0.2
-125.58	64.15	124	0.2
-117.44	53.21	67	0.1
-125.45	64.41	138	0.2
-132.45	66.08	174	0.2
-131.82	65.52	16	0.2
-133.97	66.15	169	0.2
-134.73	66.34	174	0.2
-135.15	68.12	62	0.2
-126.88	65.27	41	0.2
-121.02	59.7	78	0.2
-114.35	50.35	153	0.05
-114.44	49.72	147	0.05
-114.48	50.72	165	0.05
-114.75	51.05	138	0.05
-115.05	51.97	131	0.05
-115.05	51.84	151	0.05
-116.84	52.8	119	0.05
-117.14	57.65	144	0.05
-117.81	53.3	117	0.05
-118.02	59.04	145	0.05
-118.19	53.59	85	0.05
-118.95	59.07	176	0.05
-115.84	53.18	47	0.05
-121.68	58.7	171	0.05
-115.69	53.3	37	0.2
-116.93	53.09	57	0.2
-113.42	50.03	53	0.2
-114.44	49.72	37	0.1
-114.45	49.75	31	0.1
-114.75	51.05	37	0.2
-114.35	50.23	52	0.2
-114.35	50.35	50	0.1
-114.48	50.72	64	0.2
-114.55	50.77	58	0.2
-114.62	50.87	45	0.2
-115.43	51.91	48	0.1
-114.79	51.18	65	0.05
-110.13	51.18	53	0.2
-114.65	51.44	52	0.3
-115.75	53.17	44	0.2
-114.94	51.83	64	0.2
-115.05	51.84	61	0.05
-115.1	51.96	49	0.2
-115.52	52.2	61	0.3
-114.11	52.02	43	0.1
-115.05	51.97	52	0.2
-115.43	53.21	47	0.2
-115.55	51.98	81	0.2
-115.11	52.08	33	0.2
-117.23	53.27	61	0.3
-111.53	53.34	56	0.1
-117.11	53.31	49	0.3
-115.25	52.18	32	0.3
-117.81	53.3	56	0.2
-115.26	53.38	42	0.05
-118.19	53.59	45	0.2
-115.52	53.43	30	0.05
-116.94	53.43	39	0.3
-111.79	53.46	42	0.2
-115.38	53.47	42	0.2
-117.03	53.49	35	0.2
-116.57	54.03	48	0.2
-116.56	54.04	46	0.1
-116.56	54.07	44	0.2
-116.57	54.1	47	0.1
-118.64	54.74	41	0.2
-115.34	56.01	33	0.05
-122.67	58.09	62	0.3
-115.37	56.03	25	0.2
-115.35	56.04	31	0.05
-115.43	56.07	29	0.1
-115.3	52.24	30	0.2
-118.81	56.13	16	0.2
-115.23	56.58	56	0.05
-115.27	56.57	28	0.1
-118.73	57.35	53	0.2
-118.78	58.95	30	0.05
-138.735	69.131	43	0.2
-138.949	69.342	30	0.1
-135.13	65.69	38	0.2
-140.29	65.8	0	0.2
-115.52	53.23	49	0.2
-140.1	66.36	165	0.2
-137.13	68.27	54	0.2
-135.55	68.37	58	0.2
-115.53	52.32	54	0.2
-122.17	58.41	67	0.3
-118.95	58.74	69	0.05
-119.1	58.71	60	0.1
-118.02	59.04	56	0.05
-118.95	59.07	82	0.05
-121.68	58.7	63	0.2
-137.454	68.772	29	0.05
-136.228	68.651	42	0.3
-119.25	59.25	39	0.05
-131.612	69.709	28	0.2
-132.743	69.388	30	0.2
-132.803	69.445	70	0.1
-132.805	69.315	66	0.2
-133.362	69.2	34	0.2
-133.767	68.762	78	0.2
-133.768	68.888	44	0.3
-116.84	52.8	44	0.2
-134.414	68.848	66	0.3
-134.612	68.989	58	0.2
-134.805	68.833	52	0.2
-134.897	68.34	69	0.3
-134.944	69.357	59	0.3
-134.993	69.404	70	0.2
-135.066	69.259	65	0.3
-135.104	69.092	46	0.2
-135.13	68.271	68	0.2
-135.153	68.121	68	0.3
-135.156	68.844	65	0.3
-135.249	69.292	68	0.2
-135.304	68.881	30	0.1
-135.386	69.402	27	0.2
-137.454	68.772	77	0.2
-135.426	69.353	57	0.2
-135.854	69.209	65	0.2
-135.883	68.734	46	0.2
-134.98	69.23	36	0.2
-135.573	67.223	30	0.2
-124.13	60.13	38	0.1
-117	73.5	66	0.1
-121.06	59.79	0	0.1
-157	66.3	132	0.05
-147.9	64.5	160	0.05
-122.61	47.71	9	0.3
-122.943	47.61	23	0.05
-121.67	47.67	148	0.05
-120.13	47.66	140	0.05
-122.38	47.45	15	0.05
-116.06	47.33	105	0.1
-149.5	66.4	168	0.05
-144.5	65.5	20	0.1
-165	65.2	90	0.1
-163	65.1	90	0.1
-156	64.7	110	0.1
-149	63.9	180	0.05
-146.5	63.5	180	0.1
-150	61.5	100	0.1
-145	63.2	160	0.1
-143	62.5	13	0.1
-138	59	7	0.1
-147.4	60.25	135	0.05
-147.6	59.8	127	0.1
-122.217	47.583	172	0.05
-131.89	52.51	85	0.05
-112.935	49.709	80	0.1
-128.711	48.442	19	0.2
-122.316	59.252	161	0.05
-122.928	59.619	57	0.2
-123.953	59.802	19	0.2
-121.628	59.235	111	0.05
-121.928	59.652	145	0.05
-124.359	59.927	6	0.05
-123.259	59.935	13	0.05
-126.873	48.698	14	0.05
-124.111	60.12	58	0.05
-131.67	52.39	21	0.05
-133.7	54.1	7	0.05
-138.5	61	40	0.05
-122.66	47.36	19	0.05
-149	65	157	0.3
-140.5	61.3	15	0.3
-153	65.5	166	0.3
-148	61.8	142	0.3
-147	65.5	10	0.3
-160	66	139	0.3
-147.5	64.5	1	0.2
-138	59.5	36	0.2
-141	60	179	0.2
-150.5	61	87	0.2
-153	63	136	0.2
-140.5	62	5	0.2
-148	63.5	179	0.1
-146.5	63.5	151	0.1
-147.5	68.5	152	0.1
-142.5	62.5	16	0.1
-150.5	62	95	0.1
-147	61.5	27	0.1
-153	59.5	149	0.1
-115.69	53.3	47	0.05
-114.3	47.8	5	0.05
-114.3	47.8	86	0.05
-115.25	52.21	84	0.05
-121.73	48.26	0	0.05
-149.96	65.39	43	0.05
-149.98	65.49	19	0.05
-150	65.49	161	0.05
-149.88	65.59	175	0.05
-151	62	21	0.05
-148.1	66.8	102	0.05
-141.33	59.77	173	0.05
-132.43	52.83	37	0.05
-132.09	53.84	17	0.05
-132.73	70.151	28	0.2
-132.839	69.883	36	0.2
-133.496	70.464	58	0.2
-133.873	69.829	55	0.2
-133.974	70.73	78	0.2
-134.313	70.017	70	0.3
-135.933	69.551	65	0.1
-139.743	69.756	75	0.2
-136.339	69.903	60	0.1
-136.304	69.278	76	0.1
-136.304	69.278	87	0.05
-131.048	69.59	43	0.05
-135.016	69.26	66	0.2
-135.311	68.669	54	0.2
-135.551	68.371	42	0.2
-118.96	59.12	140	0.05
-114.95	51.83	46	0.2
-115.69	53.3	36	0.2
-115.18	53.6	34	0.1
-115.33	55.99	8	0.2
-115.36	56.08	157	0.05
-119.15	58.46	160	0.1
-119.28	58.51	13	0.05
-119.46	58.55	137	0.1
-119.4	59.3	50	0.1
-118.62	59.02	63	0.05
-118.87	59.12	127	0.05
-114.831	54.987	37	0.1
-118.83	54.987	33	0.1
-112.203	49.809	63	0.1
-113.826	49.971	57	0.1
-118.639	54.744	41	0.05
-110.837	55.296	41	0.05
-112.078	49.879	63	0.05
-111.421	50.811	40	0.05
-112.737	50.72	55	0.05
-113.348	51.465	41	0.05
-110.331	50.774	80	0.05
-113.923	51.935	48	0.05
-117.602	54.914	27	0.05
-111.532	53.332	56	0.05
-111.079	54.449	52	0.05
-112.057	49.857	68	0.05
-110.838	53.783	56	0.05
-112.339	50.047	77	0.05
-113.343	55.969	50	0.05
-110.526	54.114	42	0.05
-112.786	50.563	82	0.05
-112.857	50.028	61	0.05
-112.863	50.032	46	0.05
-113.405	50.014	39	0.1
-113.49	50.087	48	0.1
-112.599	50.814	53	0.05
-115.723	53.336	32	0.2
-117.944	53.747	43	0.3
-117.261	54.125	45	0.3
-110.734	54.699	41	0.05
-119.612	54.976	31	0.2
-112.887	52.374	51	0.05
-114.179	52.401	42	0.1
-111.789	52.432	39	0.1
-111.639	52.519	52	0.2
-113.115	52.783	44	0.05
-113.351	52.896	59	0.1
-116.042	52.911	58	0.2
-120.565	56.528	43	0.2
-117.954	54.823	45	0.2
-116.234	52.912	46	0.2
-117.954	54.823	45	0.2
-119.702	57.289	61	0.2
-118.615	56.648	10	0.1
-119.702	57.289	61	0.2
-116.234	52.912	44	0.2
-117.954	54.823	31	0.2
-118.615	56.648	10	0.1
-117.825	55.453	25	0.2
-118.683	55.34	39	0.2
-115.548	55.012	21	0.1
-119.814	56.748	47	0.2
-119.814	56.748	47	0.2
-119.814	56.748	54	0.2
-116.013	56.181	45	0.2
-117.797	54.986	30	0.2
-116.117	56.279	20	0.2
-115.903	56.825	29	0.1
-118.907	56.198	46	0.2
-115.343	54.821	38	0.2
-121.354	58.683	68	0.2
-118.683	55.34	35	0.1
-118.615	56.648	116	0.2
-115.688	53.297	48	0.2
-116.656	55.924	55	0.2
-115.866	53.091	49	0.2
-119.287	54.986	32	0.1
-116.234	52.912	54	0.1
-117.064	53.455	52	0.1
-115.415	56.365	37	0.2
-118.733	57.354	59	0.2
-121.025	59.703	68	0.1
-115.274	53.385	59	0.1
-116.909	55.485	13	0.2
-112.89	52.075	65	0.1
-115.176	53.595	31	0.1
-115.548	55.012	14	0.1
-119.217	54.994	43	0.1
-117.634	56.664	42	0.05
-114.317	52.285	54	0.1
-117.841	55.816	40	0.1
-112.89	52.075	67	0.1
-119.702	57.289	43	0.1
-118.683	55.34	54	0.1
-117.261	54.126	50	0.1
-116.117	56.279	38	0.1
-117.954	54.823	40	0.1
-117.755	55.718	19	0.1
-118.615	56.648	18	0.1
-117.825	55.453	42	0.05
-117.755	55.718	25	0.05
-119.814	56.748	52	0.05
-119.814	56.748	67	0.05
-119.702	57.289	54	0.05
-116.013	56.181	45	0.05
-116.458	52.995	53	0.3
-115.87	53.09	41	0.2
-118.73	57.35	83	0.05
-112	50.28	73	0.2
-114.6	51.54	57	0.3
-114.861	51.986	59	0.2
-114.87	52.1	63	0.2
-115.274	53.385	58	0.1
-115.129	53.481	47	0.3
-117.07	53.46	52	0.2
-116.09	54.18	64	0.2
-115.95	53.86	46	0.2
-116.54	54.07	49	0.2
-121.485	55.896	34	0.3
-116.88	54.383	57	0.2
-115.34	54.82	37	0.2
-119.218	54.994	42	0.2
-114.32	52.29	52	0.2
-119.73	56.13	27	0.1
-115.38	56.03	33	0.3
-118.93	56.2	25	0.2
-118.14	56.44	26	0.1
-115.08	56.66	44	0.1
-119.47	57.36	46	0.05
-119.29	58.5	53	0.1
-119.57	58.77	61	0.2
-118.47	59.02	88	0.1
-112.97	52.998	49	0.2
-118.96	59.12	50	0.1
-115.81	52.72	54	0.2
-116.234	52.912	45	0.3
-112.889	52.076	62	0.1
-115.549	55.012	30	0.1
-111.161	54.42	34	0.1
-115.302	52.235	53	0.1
-120.328	56.224	40	0.1
-119.397	59.302	45	0.1
-123.701	59.323	59	0.05
-121.207	56.107	55	0.05
-123.65	57.165	42	0.05
-113.515	54.005	58	0.05
-110.989	56.213	60	0.1
-118.17	55.56	87	0.05
-118.75	56.14	170	0.05
-114.547	53.187	34	0.1
-114.155	50.596	47	0.2
-115.282	53.387	45	0.1
-115.59	52.47	42	0.1
-114.201	52.252	47	0.2
-119.574	55.136	44	0.2
-118.17	55.56	25	0.2
-115.33	56.02	27	0.05
-118.75	56.14	20	0.2
-121.65	56.8	36	0.2
-119.3	59.24	51	0.2
-119.2	59.29	63	0.1
-119.08	59.49	69	0.05
-113.542	57.228	40	0.05
-114.629	56.909	21	0.05
-114.596	56.866	44	0.05
-114.477	56.547	34	0.05
-111.945	53.137	166	0.05
-110.541	55.073	11	0.05
-114.378	56.694	24	0.05
-114.642	55.923	19	0.05
-114.377	56.702	139	0.05
-114.597	56.851	46	0.05
-114.377	56.702	39	0.05
-120.738	55.992	42	0.05
-114.582	56.971	29	0.05
-114.596	56.866	164	0.05
-110.53	55.069	25	0.05
-110.541	55.071	55	0.05
-110.557	55.104	50	0.05
-114.553	56.708	53	0.05
-114.64	51.5	55	0.3
-116.16	53.33	43	0.3
-114.42	53.95	45	0.05
-117.14	57.65	65	0.05
-121.355	61.025	95	0.1
-123.11	48.638	117	0.3
-123.69	49.782	165	0.2
-123.052	48.933	0	0.2
-123.532	48.504	137	0.2
-122.939	48.169	151	0.2
-126.944	49.585	7	0.2
-122.072	48.748	159	0.2
-123.719	49.271	178	0.2
-121.672	59.285	138	0.05
-122.922	59.702	147	0.1
-123.918	60.402	24	0.05
-121.597	58.794	112	0.05
-122.072	59.469	131	0.05
-123.059	59.652	32	0.2
-121.284	58.827	62	0.2
-122.097	59.856	48	0.1
-121.884	59.548	31	0.05
-124.297	59.965	22	0.1
-121.429	60.15	75	0.05
-121.072	58.823	93	0.05
-124.566	59.765	73	0.2
-124.828	59.215	84	0.1
-124.291	59.973	145	0.05
-121.978	59.223	72	0.1
-123.078	59.573	40	0.05
-123.203	59.406	98	0.1
-123.141	59.498	176	0.1
-122.25	61.191	77	0.2
-122.614	60.88	74	0.1
-120.216	58.248	159	0.1
-121.122	58.64	146	0.3
-123.047	58.91	82	0.1
-121.181	60.349	80	0.05
-123.817	60.398	155	0.1
-123.867	60.455	44	0.2