-152.98 55.78 233 6 90 53 84 90 7.450 25 041278        
-151.21 56.30 265 8 119 55 83 86 5.240 24 071978        
-157.27 64.12 258 75 -173 166 84 -16 3.220 23 122478        
-157.53 55.44 236 13 84 62 77 91 9.020 25 021379        
-141.39 60.50 271 13 96 84 77 89 1.880 27 022879        
-140.70 60.37 353 44 -36 111 66 -128 5.430 23 030279        
-141.20 60.63 276 15 121 64 77 82 1.520 24 042079        
-147.53 61.47 80 57 -32 188 64 -143 4.530 23 040680        
-154.16 56.20 244 13 94 60 77 89 1.350 24 070680        
-149.16 59.46 177 11 -148 55 84 -81 2.800 24 080180        
-151.53 63.49 173 66 3 82 87 156 5.380 23 080780        
-141.18 60.12 311 15 128 92 78 81 1.450 24 050282        
-151.38 56.91 215 9 78 47 82 92 5.390 24 090682        
-154.56 55.57 292 7 152 49 87 84 1.440 25 011483        
-159.00 54.63 239 16 86 63 74 91 7.120 25 021483        
-158.98 54.51 256 25 111 53 67 81 10.030 24 021483        
-140.75 61.39 305 39 109 101 53 75 1.670 24 033083        
-141.44 60.21 260 15 85 85 75 91 7.410 24 062883        
-149.02 62.15 248 77 -177 157 87 -13 6.420 24 081484        
-146.65 60.40 325 12 169 66 88 79 1.950 24 092084        
-149.98 66.37 23 69 11 289 80 158 8.190 23 021485        
-149.94 66.53 305 71 -169 211 79 -19 1.910 25 030985        
-150.45 66.47 7 66 7 274 83 156 1.800 24 031085        
-159.40 54.84 246 16 99 56 75 87 8.670 25 100985        
-159.27 54.87 241 22 99 52 68 86 12.600 23 102685        
-159.34 54.40 242 28 86 67 62 92 1.450 25 111485        
-153.38 56.11 220 18 75 56 73 95 1.870 24 030686        
-153.01 65.84 277 71 -168 183 79 -20 1.370 24 060486        
-152.45 55.93 215 7 64 61 83 93 3.820 25 061986        
-153.65 55.90 289 8 146 52 86 84 6.070 25 091286        
-153.21 56.06 241 11 105 46 79 87 7.670 24 091686        
-152.28 56.30 228 8 85 53 82 91 9.670 23 052087        
-143.62 58.87 262 57 -6 356 85 -147 6.570 26 111787        
-143.74 59.11 250 57 -11 346 81 -146 12.490 23 111887        
-143.23 58.98 184 78 -172 92 82 -12 3.930 23 111887        
-143.50 58.85 354 87 -178 264 88 -3 5.460 24 111887        
-141.09 61.56 114 44 110 268 49 72 2.060 24 112387        
-142.04 58.17 355 70 -172 262 82 -20 7.270 27 113087        
-142.56 58.05 264 82 -8 356 82 -172 5.330 24 120187        
-143.66 58.82 11 82 -177 281 87 -8 1.170 24 120287        
-142.77 58.65 207 90 180 297 90 0 1.570 24 120387        
-142.36 59.33 174 90 180 264 90 0 1.780 24 121587        
-143.53 57.37 182 75 -168 89 79 -15 4.870 27 030688        
-144.92 59.22 223 11 51 82 81 97 1.330 24 031088        
-143.41 57.08 182 63 175 274 86 27 4.490 23 031588        
-143.20 57.90 259 74 -7 351 83 -164 6.520 24 042688        
-152.77 55.91 263 18 131 42 77 78 6.890 23 080888        
-153.76 55.70 208 13 60 58 78 97 10.240 24 022289        
-144.01 57.27 177 90 180 267 90 0 5.260 23 040889        
-157.02 67.30 345 39 -95 171 51 -86 1.810 24 042389        
-140.82 60.18 228 25 44 97 73 109 11.920 23 080689        
-157.23 55.66 247 8 95 62 82 89 4.570 26 090489        
-153.09 56.89 212 9 61 62 82 94 1.570 25 052990        
-158.39 54.70 255 15 137 27 80 79 1.430 24 010191        
-148.44 66.28 277 43 125 53 56 61 6.100 23 020791        
-150.70 61.46 322 16 -134 188 78 -78 7.060 23 042691        
-142.92 57.59 265 68 5 173 86 158 1.760 26 080792        
-157.31 53.45 45 40 -89 224 50 -90 6.330 24 092792        
-154.54 55.90 251 13 109 51 78 86 2.250 24 041693        
-153.81 56.80 61 33 -67 214 60 -105 3.930 23 042293        
-159.66 54.61 241 20 95 55 70 88 3.610 24 051793        
-154.93 55.39 272 10 132 49 83 84 2.210 24 052893        
-144.50 59.56 45 37 -117 257 58 -72 4.820 23 072793        
-149.96 58.49 141 23 -150 23 79 -70 8.140 23 121594        
-157.44 55.10 218 19 66 63 72 98 4.490 23 012595        
-146.33 60.20 108 44 141 228 64 53 1.240 24 060695        
-147.73 69.59 210 44 4 117 87 134 6.040 23 083195        
-148.50 65.28 199 77 -1 289 89 -167 10.780 24 100695        
-152.83 57.03 58 4 -66 214 87 -91 1.530 24 030396        
-144.96 63.56 238 46 49 109 57 125 4.790 24 102296        
-151.54 56.14 218 20 60 70 72 101 1.940 24 120896        
-149.71 61.49 80 10 -113 283 81 -86 9.850 23 050697        
-156.94 57.51 82 77 169 175 79 14 1.470 24 050998        
-156.87 58.08 165 74 -13 259 78 -163 9.070 23 050998        
-156.83 58.08 347 71 -5 78 86 -161 1.470 24 050998        
-152.07 56.73 299 5 159 50 88 85 3.810 24 110898        
-147.34 56.35 266 33 41 140 69 116 11.030 24 011699        
-152.86 56.48 209 11 101 18 79 88 4.520 23 050699        
-152.58 56.21 225 9 74 61 81 93 2.450 25 050799        
-149.29 57.47 302 55 136 61 55 45 2.290 24 012300        
-154.76 65.03 254 57 175 347 86 33 3.290 24 020300        
-145.20 60.83 184 10 10 85 88 100 4.510 23 022700        
-145.60 60.15 253 8 101 62 82 88 1.660 24 030100        
-150.18 58.65 82 63 24 341 69 150 7.850 23 062800        
-142.85 57.33 190 78 174 281 84 12 8.680 23 093000        
-152.81 55.74 263 15 116 56 77 83 5.790 24 110600        
-153.56 56.99 224 8 74 60 82 92 3.290 26 011001        
-153.63 56.51 225 7 92 43 83 90 8.990 23 021101        
-142.74 54.59 189 64 -161 90 73 -27 7.130 23 051401        
-151.74 64.74 290 59 -157 188 71 -33 5.660 23 060401        
-158.93 54.78 231 19 83 59 71 93 2.240 24 062301        
-140.31 61.47 323 45 120 104 52 63 3.690 24 062601        
-150.99 57.06 332 66 170 66 81 24 7.620 24 071901        
-159.49 54.27 171 80 177 262 87 10 4.190 23 101601        
-146.41 60.67 246 29 102 53 62 84 3.180 23 022502        
-146.76 63.20 37 73 12 304 78 163 4.890 23 070502        
-151.26 58.50 218 32 -31 335 74 -118 7.290 23 090502        
-148.13 63.58 262 89 179 352 89 1 1.090 26 102302        
-144.89 63.23 296 71 171 29 82 19 7.480 27 110302        
-145.50 63.32 258 24 103 63 66 84 3.080 23 110502        
-141.82 62.22 66 36 48 294 64 116 4.090 23 110802        
-148.29 63.41 204 36 35 84 70 121 5.590 23 110802        
-143.49 62.99 151 63 178 242 88 27 6.380 23 110802        
-145.47 63.33 342 6 124 128 85 86 6.710 23 120102        
-145.84 63.41 103 36 57 322 60 112 5.583 23 012403        
-153.43 55.74 229 14 75 64 77 93 3.399 24 080303        
-147.23 68.88 344 24 -87 161 66 -92 1.799 24 082103        
-151.44 58.33 154 8 -14 258 88 -98 2.119 24 012004        
-140.56 61.45 235 72 -4 326 86 -162 0.945 24 042904        
-151.38 63.18 48 62 177 139 87 28 3.809 23 110804        
-157.81 55.14 223 21 69 65 71 98 8.635 23 121904        
-147.68 60.53 349 35 -93 173 55 -88 4.978 23 122104        
-147.82 60.50 341 38 -122 199 59 -68 1.556 23 200501131736  
-154.24 56.16 150 44 -3 242 88 -134 6.493 24 200504091516  
-143.65 63.20 317 45 67 169 49 112 2.197 23 200508300424  
-142.16 66.46 54 78 10 322 81 167 1.538 24 200602050817  
-142.23 66.44 55 63 -8 149 83 -152 6.378 23 200602051643  
-155.89 55.37 271 9 126 54 83 85 5.868 24 200701051652  
-144.88 69.69 199 71 4 108 86 161 2.831 23 200704280520  
-154.90 56.93 4 76 -9 96 82 -166 4.212 23 200709030101  
-151.54 58.32 323 64 178 53 88 26 0.768 24 200710031406  
-152.95 55.84 345 76 -171 253 81 -14 2.468 23 200710112218  
-151.93 54.05 262 74 3 171 87 164 3.494 23 200804061411  
-153.27 55.59 230 14 81 59 76 92 8.458 24 200805251918  
-143.83 60.83 173 35 -29 287 74 -122 7.142 23 200810080953  
-157.57 66.46 259 72 -173 167 84 -18 2.474 23 200810281430  
-152.29 56.11 222 10 67 66 81 94 8.396 23 200903300342  
-152.64 56.26 267 1 120 58 89 89 1.384 25 200903300713  
-152.12 56.00 222 23 81 52 67 94 4.001 23 200903301738  
-151.99 56.15 206 24 38 81 76 109 2.668 23 200905151738  
-151.88 56.23 227 16 73 64 75 95 8.989 23 200905151824  
-151.87 56.22 223 16 68 66 75 96 0.932 24 200905151923  
-152.01 56.11 231 14 80 61 76 92 8.812 24 200905161822  
-152.05 56.17 233 21 88 55 69 91 1.186 24 200905161837  
-143.74 59.32 240 26 80 71 64 95 3.561 24 200907250143  
-152.38 56.19 229 11 78 61 79 92 1.215 24 200912270312  
-156.92 58.09 236 45 94 51 46 86 3.079 23 201006131343  
-146.31 69.39 279 74 -175 187 85 -16 6.446 23 201011070043  
-149.50 60.74 333 71 -168 239 79 -20 3.344 23 201011151824  
-150.89 63.57 270 85 178 0 88 5 9.089 23 201101230250  
-149.01 57.61 227 64 26 125 67 151 3.136 23 201201130138  
-157.41 55.09 243 34 -84 55 56 -94 2.025 24 201203101410  
-153.18 56.16 239 23 95 54 67 88 3.569 23 201207201854  
-157.75 57.22 93 50 129 222 53 54 1.993 23 201208031457  
-147.61 60.29 47 43 -45 173 61 -124 2.148 23 201208091643  
-154.39 56.85 338 33 -151 223 74 -60 8.144 23 201209180144  
-142.97 57.70 174 69 171 267 82 21 4.027 25 201211122042  
-154.13 59.27 315 71 -170 221 81 -20 0.754 24 201303101711  
-144.52 69.26 296 78 174 27 84 12 1.819 23 201309012252  
-155.12 56.92 7 37 -137 240 65 -61 1.605 24 201312070736  
-157.70 55.20 229 23 75 65 68 96 6.561 23 201312071644  
-159.92 54.67 237 26 86 62 64 92 0.943 24 201401070607  
-140.30 61.28 253 86 -3 344 87 -176 7.535 23 201406050538  
-140.31 61.32 71 86 1 341 89 176 8.446 23 201406050544  
-140.07 61.36 252 80 2 162 88 170 2.279 23 201407121115  
-140.34 60.41 282 57 179 12 89 33 1.274 25 201407171149  
-140.40 60.36 266 60 -179 175 90 -30 3.853 23 201407200215  
-156.82 55.76 335 5 169 75 89 85 5.318 23 201408032021  
-145.36 59.43 270 31 -73 70 61 -100 6.032 23 201408270610  
-148.98 65.27 296 51 -170 199 82 -39 8.127 23 201408310306  
-149.01 65.11 299 59 -171 204 82 -32 2.903 23 201410210036  
-149.11 65.20 294 55 -161 193 75 -36 3.839 23 201410231630  
-154.08 57.72 148 44 -97 338 46 -83 2.571 23 201506260439  
-157.09 57.08 349 72 -11 82 79 -161 3.693 23 201509081134  
-159.40 54.78 223 26 73 62 65 98 4.542 23 201510121930  
-157.66 57.22 70 37 89 251 53 91 2.705 25 201604020550  
-144.63 59.76 43 36 -130 269 64 -65 4.805 23 201605021338  
-158.18 55.87 64 45 85 250 45 95 1.740 23 201608271514  
-157.52 57.20 75 38 98 244 52 84 3.915 23 201611122152  
-142.70 62.64 140 79 -175 49 85 -11 1.642 24 201702130717  
-157.37 57.31 89 45 122 227 53 62 2.323 23 201703242349  
-151.17 63.10 314 41 5 220 86 131 3.410 23 201704291115  
-152.51 56.71 221 15 62 70 77 97 1.629 24 201705111436  
-151.63 55.37 256 75 -13 349 78 -165 2.873 23 201708121441  
-156.09 54.65 203 54 44 84 56 135 2.752 23 201710120001  
-147.42 60.68 327 18 -159 217 84 -73 1.510 24 201711272218  
-149.12 56.22 257 64 4 165 86 154 0.960 28 201801230931  
-148.12 56.53 253 56 39 139 59 139 1.294 24 201801232321  
-148.42 56.51 195 35 -79 2 56 -98 2.349 24 201801240004  
-148.96 55.57 67 88 0 337 90 178 3.009 23 201801241646  
-149.83 56.15 359 69 164 95 75 22 5.917 23 201801242158  
-149.49 55.77 230 77 7 139 83 167 5.630 23 201801252355  
-149.19 56.09 261 50 27 153 69 137 1.037 24 201801260109  
-148.51 56.51 9 39 -81 177 52 -97 2.139 23 201801260801  
-150.04 55.96 355 67 -176 263 86 -24 5.869 23 201801261642  
-149.97 55.91 354 60 -172 261 83 -30 1.938 23 201801271114  
-149.76 56.05 91 69 16 355 75 158 2.658 23 201801271125  
-148.94 56.69 236 32 52 99 65 111 5.516 23 201801312001  
-149.73 56.00 89 73 10 356 81 163 1.680 23 201802011009  
-149.94 56.02 352 75 -177 261 87 -15 2.317 23 201802012115  
-149.25 56.27 232 66 -6 324 85 -156 2.150 23 201802031635  
-148.72 56.47 352 80 171 83 81 10 4.858 23 201802051922  
-148.27 56.38 246 62 11 151 80 152 2.823 23 201802061516  
-150.04 55.97 353 74 176 84 86 16 2.650 23 201802080358  
-149.69 56.07 356 68 -176 265 86 -22 2.310 23 201802151934  
-158.93 55.67 68 66 -160 329 71 -26 3.093 23 201802230331  
-149.54 56.32 352 55 175 85 86 35 2.618 23 201803040020  
-149.13 55.68 353 64 154 94 67 28 4.260 23 201803090037  
-149.92 55.81 358 71 176 90 86 19 1.326 23 201803130059  
-153.17 55.98 211 23 64 60 69 101 3.666 23 201803240552  
-148.38 56.37 355 77 175 86 85 13 5.535 23 201803261801  
-148.64 56.50 351 74 -174 259 84 -16 2.108 23 201803272216  
-148.46 56.57 355 81 -173 264 83 -9 1.554 24 201803272241  
-149.76 56.10 92 86 4 1 86 176 4.508 23 201803310107  
-149.03 56.34 218 79 7 127 83 169 1.714 23 201804010140  
-149.70 56.11 357 83 173 88 83 7 8.666 23 201804070309  
-149.01 56.09 230 59 -4 322 86 -149 1.304 23 201804290617  
-148.37 56.39 161 64 158 261 70 28 2.827 24 201805080814  
-149.23 56.32 229 69 7 137 84 159 3.245 23 201806170432  
-144.78 69.74 103 77 175 194 85 13 5.486 25 201808121458  
-144.67 69.83 176 53 -9 271 83 -143 1.311 24 201808121602  
-144.23 69.68 200 79 5 109 85 168 1.320 25 201808122115  
-144.26 69.66 196 65 -13 291 78 -154 4.651 23 201808122131  
-144.36 69.68 196 36 -3 289 88 -126 2.729 23 201808131936  
-144.94 69.63 301 51 -171 206 83 -40 5.088 23 201809181240  
-156.14 67.94 82 43 -138 319 63 -55 4.401 23 201810142353  
-149.52 56.38 255 59 14 158 78 148 2.864 23 201810270100  
-151.55 65.35 262 71 -172 169 83 -19 4.775 23 201810271657  
-154.85 56.50 64 56 -17 164 76 -144 3.283 23 201812271337  
-153.42 65.40 201 66 -19 299 73 -155 3.116 23 201901060345  
-157.19 66.34 266 61 -159 165 71 -31 2.321 23 201902101335  
-157.10 66.38 166 71 -14 261 77 -160 1.067 24 201903062133  
-141.63 59.94 233 43 64 87 52 113 4.344 23 201903110007  
-157.08 66.36 93 51 -135 331 57 -48 4.973 23 201903262127  
-149.11 56.34 138 73 169 232 79 18 2.549 23 201904081957  
-157.37 66.34 288 43 -116 142 52 -68 2.416 23 201904160507  
-151.42 58.32 326 65 -174 233 85 -25 2.839 23 201906071457  
-157.39 66.47 150 38 -46 279 64 -118 1.875 23 201906150631  
-157.26 66.35 265 70 -165 169 76 -21 2.199 23 201907021817  
-144.67 69.32 180 61 -9 275 82 -150 1.087 24 201907030438  
-148.54 56.14 352 80 175 83 85 10 4.429 23 201910120244  
-148.56 56.21 86 50 7 352 85 140 2.093 23 201910151237  
-157.13 66.37 166 69 -18 263 74 -158 1.805 24 201910180058  
-157.24 66.42 158 62 -22 258 71 -150 0.932 24 201910181309  
-151.69 56.04 240 22 88 62 68 91 5.133 23 201912212252  
-151.28 55.53 226 40 -43 352 64 -121 4.940 23 202001020854  
-149.24 55.75 90 70 12 356 79 160 5.599 23 202001311125  
-157.31 66.31 270 65 -157 170 69 -27 2.400 23 202003181531  
-148.69 56.43 161 82 179 251 89 8 7.175 23 202003200753  
-153.38 55.93 188 14 36 63 82 101 1.645 24 202004170022  
-156.73 54.54 220 19 54 78 74 102 2.507 23 202005201713  
-153.25 56.08 286 42 132 55 60 59 3.655 23 202006051347  
-153.53 56.03 268 18 117 60 74 82 7.653 23 202007080107  
-159.28 54.83 243 17 92 62 73 89 7.382 27 202007220612  
-158.20 54.83 234 24 103 40 66 84 2.871 23 202007301608  
-158.40 54.87 252 11 118 43 80 85 2.063 24 202008081252  
-157.93 55.06 240 27 87 63 63 92 6.412 23 202008091457  
-157.93 55.04 233 21 84 60 69 92 5.731 23 202008181828  
-157.77 55.01 231 23 80 63 68 94 3.143 23 202009250557  
-159.72 54.80 242 25 90 63 65 90 1.103 25 202010060554  
-159.70 54.48 350 49 176 83 87 41 2.947 27 202010192054  
-159.81 54.34 86 69 11 352 80 159 5.006 24 202010200407  
-159.81 54.44 327 8 171 66 89 82 1.749 24 202010201232  
-159.91 54.57 344 66 169 79 80 25 4.774 23 202010202138  
-159.76 54.26 352 56 -164 253 77 -35 6.590 23 202010210117  
-159.61 54.38 56 38 -78 221 53 -99 2.868 23 202010210637  
-159.74 54.52 84 46 13 344 81 135 2.238 23 202010211156  
-147.46 56.53 94 48 -7 189 85 -137 2.659 23 202010241758  
-159.69 54.62 95 42 4 2 88 132 2.700 23 202010242223  
-159.67 54.55 95 64 -25 197 67 -152 6.279 23 202010300436  
-159.84 54.13 353 64 179 83 89 26 4.711 23 202011051256  
-150.67 53.71 88 75 -1 178 89 -165 4.018 24 202012011635  
-159.89 54.43 6 56 161 107 74 36 2.789 23 202012030108  
-159.74 54.65 351 75 168 85 78 15 3.862 23 202012100137  
-159.78 54.72 88 69 12 354 79 159 4.391 23 202012190010  
-140.54 61.58 87 28 63 297 65 103 3.080 23 202105090203  
-149.79 56.05 357 79 170 89 80 11 4.677 23 202105180353  
-159.67 53.38 74 39 -76 236 52 -101 1.831 23 202106141041  
-157.32 55.40 238 10 88 60 80 90 2.946 28 202107290615  
-156.87 55.27 219 24 55 77 71 105 2.035 24 202107292032  
-156.79 55.25 237 22 78 70 69 95 2.050 24 202107300352  
-154.19 55.40 248 9 107 51 82 88 6.662 23 202107302211  
-157.45 55.17 238 11 86 63 79 91 3.960 26 202108141157  
-147.23 64.43 152 64 165 249 76 26 2.084 23 202109140556  
-156.23 54.91 230 17 73 68 74 95 3.207 24 202109161751  
-156.31 54.95 228 11 83 55 79 91 1.035 24 202109162305  
-156.40 56.01 72 52 -22 176 72 -140 4.710 23 202110011412  
-158.52 54.79 240 22 82 69 68 93 4.150 24 202110311637  
-149.12 55.76 238 70 7 146 83 160 4.617 23 202202030624  
-155.92 54.35 243 23 92 60 68 89 2.167 24 202204251631  
-156.89 55.38 205 27 61 57 67 104 3.847 23 202206022141  
-156.07 56.08 201 4 43 68 87 93 5.784 23 202208170200  
-156.64 56.24 4 21 -113 208 70 -81 7.166 23 202209200837  
-141.18 60.15 266 22 104 70 68 84 7.240 23 202209292308  
-156.80 54.43 218 28 54 77 68 107 3.598 23 202301101942  