-173.68 52.35 176 12 16 70 87 101 1.780 24 083077        
-169.69 52.54 247 26 147 7 76 68 6.230 24 121777        
-176.31 50.93 251 20 106 54 71 84 1.640 24 121977        
-168.37 52.48 210 25 52 71 71 106 6.580 24 071378        
-169.03 52.02 241 29 64 90 64 104 7.300 23 031180        
-168.81 52.27 220 27 65 68 65 103 2.540 24 031280        
-176.37 50.45 267 41 -86 82 49 -94 1.180 24 020581        
-174.82 51.48 249 21 110 49 71 83 2.530 24 051881        
-165.85 51.74 42 54 -140 285 59 -44 9.520 23 060581        
-162.46 68.04 247 73 -168 154 79 -17 2.150 24 071281        
-172.21 50.43 246 29 -120 99 65 -75 1.180 24 071381        
-163.34 53.70 222 24 89 43 66 90 7.300 23 082182        
-167.25 52.74 217 19 55 74 75 101 2.570 25 091282        
-167.33 52.61 253 21 105 58 70 84 3.360 24 091282        
-170.72 51.82 126 47 15 26 79 136 1.590 24 120282        
-159.00 54.63 239 16 86 63 74 91 7.120 25 021483        
-173.45 51.11 226 20 68 70 71 98 1.440 25 060983        
-167.91 52.01 224 14 86 49 76 91 7.770 23 110483        
-173.29 51.98 237 19 83 65 72 92 10.240 23 061884        
-177.46 50.45 65 43 -130 294 58 -59 2.720 24 072784        
-173.77 52.07 232 16 74 68 75 94 1.330 24 020785        
-168.17 54.40 322 74 -173 230 84 -16 1.090 25 041186        
-174.39 51.56 270 20 115 64 72 81 8.100 24 050986        
-176.34 51.56 269 11 122 57 81 84 9.980 23 051186        
-173.73 51.79 252 17 102 59 73 86 3.990 24 051186        
-174.56 51.56 256 18 103 62 72 86 3.560 24 051186        
-174.96 51.47 275 19 133 50 77 77 1.800 24 051286        
-173.09 51.80 219 24 64 67 68 101 12.060 23 051486        
-174.73 52.51 157 67 -1 248 89 -157 4.440 25 051586        
-174.70 52.53 156 60 -2 247 88 -150 7.440 25 051786        
-175.02 52.68 262 55 -150 153 66 -39 13.490 23 051986        
-174.33 51.79 251 16 99 61 74 87 10.030 23 060586        
-174.62 52.49 156 69 -6 248 85 -159 1.520 24 062986        
-176.23 51.57 241 18 91 61 72 90 12.890 23 063086        
-167.48 53.75 227 44 -76 28 47 -103 10.150 24 071986        
-167.32 53.79 25 39 -87 201 51 -93 1.150 25 071986        
-167.59 54.03 206 41 -84 18 50 -95 5.820 23 072086        
-173.92 51.58 256 19 108 57 72 84 14.880 23 080186        
-177.01 51.57 275 21 120 64 72 79 8.090 24 080386        
-179.22 64.06 336 68 4 245 86 158 1.630 24 101986        
-167.99 51.88 259 40 130 31 61 61 5.810 23 110986        
-167.16 53.72 26 32 -74 187 60 -100 2.560 26 022787        
-179.98 51.33 250 14 94 66 76 89 3.860 24 030687        
-167.20 53.38 337 29 -125 196 67 -72 1.620 24 031687        
-176.10 51.41 287 62 -164 189 76 -29 4.030 23 051687        
-175.08 52.03 265 24 135 37 73 72 2.240 24 011388        
-173.90 51.41 242 26 88 64 64 91 3.970 23 012388        
-168.33 52.56 228 12 85 54 78 91 5.660 24 032988        
-163.01 53.47 226 19 72 65 72 96 9.980 24 052288        
-174.28 50.88 268 35 -74 69 57 -101 2.830 24 052588        
-177.60 51.02 251 9 85 77 81 91 6.250 23 061888        
-166.72 52.98 195 29 58 51 66 107 10.490 23 070188        
-170.07 51.91 250 12 77 83 78 93 5.050 23 072088        
-176.07 51.89 241 11 83 67 79 91 7.970 23 072388        
-171.30 52.69 204 40 -28 316 72 -127 8.320 23 111488        
-174.97 52.06 230 13 81 59 77 92 12.330 24 010889        
-174.84 52.07 219 13 69 61 78 95 1.690 24 010889        
-174.61 51.92 222 23 66 68 69 100 5.060 24 010889        
-175.06 51.63 300 18 148 60 81 75 11.430 23 010989        
-170.09 52.38 231 18 91 50 72 90 13.000 23 020989        
-157.02 67.30 345 39 -95 171 51 -86 1.810 24 042389        
-168.12 52.81 241 15 106 44 75 86 2.270 24 082389        
-173.57 52.10 249 17 100 58 73 87 3.710 24 091589        
-179.07 51.10 245 32 69 89 60 103 2.300 25 100789        
-179.22 51.03 216 12 66 61 79 95 1.670 25 100789        
-179.23 51.01 206 36 55 67 61 113 3.870 24 100789        
-178.77 51.46 266 12 93 82 78 89 1.510 24 112489        
-169.51 52.34 218 21 66 63 71 99 12.790 24 010890        
-169.24 52.31 211 24 60 63 70 102 6.030 24 010990        
-169.94 52.23 231 15 94 47 75 89 1.790 24 011090        
-170.57 52.25 205 8 69 46 83 93 6.910 23 012190        
-174.90 51.70 229 21 76 63 70 95 3.770 25 031290        
-174.94 51.50 288 12 131 66 81 82 4.010 24 031290        
-172.96 51.26 77 42 -115 289 52 -69 4.560 23 062190        
-174.26 52.47 89 67 -173 356 83 -23 1.320 24 062790        
-168.54 53.07 196 20 45 62 76 105 6.050 23 082890        
-170.70 51.63 17 66 -178 286 88 -24 10.670 24 112190        
-175.15 58.43 302 55 -45 62 55 -135 1.090 26 022191        
-163.40 53.87 257 14 106 61 77 86 8.160 23 041191        
-166.99 53.60 192 37 -110 37 55 -75 1.490 24 101991        
-166.99 53.89 175 46 -124 40 53 -59 1.520 24 102091        
-165.58 53.40 198 17 51 58 77 101 11.420 24 021392        
-179.39 51.24 263 17 117 55 75 82 9.600 24 032692        
-175.90 50.16 257 41 -91 78 49 -89 1.790 24 041592        
-172.95 51.57 230 21 60 82 72 101 7.470 24 062492        
-176.40 50.94 298 41 -51 70 59 -119 4.300 23 070892        
-174.78 50.45 263 45 -91 83 45 -89 1.660 25 081992        
-157.31 53.45 45 40 -89 224 50 -90 6.330 24 092792        
-178.01 51.20 258 15 106 61 75 86 9.470 25 093092        
-178.17 51.31 269 18 122 56 75 80 1.510 25 093092        
-177.85 51.13 264 17 116 57 75 82 11.710 24 100192        
-177.67 51.11 286 77 -172 194 83 -13 10.360 23 100692        
-177.90 51.22 93 21 -96 279 69 -88 4.760 24 100892        
-177.68 51.38 235 28 58 91 67 106 1.890 24 101692        
-178.94 50.97 267 17 120 56 75 81 2.030 25 111192        
-167.74 51.79 295 21 77 129 70 95 4.720 23 112192        
-178.44 51.24 237 25 74 74 66 97 12.940 23 041193        
-168.65 51.06 81 45 -72 236 47 -107 7.400 24 041493        
-161.81 52.72 226 41 -83 37 50 -96 1.280 24 070293        
-164.04 54.33 195 48 -30 306 68 -134 5.720 25 111993        
-164.03 54.53 345 45 -90 165 45 -90 7.170 23 112093        
-170.16 51.89 261 19 96 74 71 88 10.810 23 020694        
-168.40 51.44 64 44 -88 241 46 -92 1.290 24 050494        
-168.01 52.23 248 18 94 64 72 89 6.040 24 072994        
-173.90 51.48 254 18 102 61 72 86 3.620 24 101094        
-173.39 51.70 239 25 91 58 65 90 9.990 23 010495        
-176.90 51.20 259 22 103 65 69 85 12.380 23 052395        
-163.46 53.31 235 23 84 62 67 92 10.340 24 070895        
-163.41 53.41 216 15 69 57 76 95 1.470 24 081895        
-173.48 51.73 256 19 105 60 72 85 6.470 24 103095        
-168.13 51.77 250 21 91 69 69 90 11.940 23 032696        
-168.42 51.92 247 25 90 67 65 90 1.640 24 032896        
-168.41 52.21 221 18 66 66 73 98 1.440 24 032896        
-168.65 52.03 247 20 94 63 70 89 5.870 24 032896        
-168.54 51.99 260 20 101 68 71 86 3.480 24 033096        
-168.62 52.16 239 17 87 62 74 91 3.340 25 033096        
-175.74 51.29 249 20 97 61 70 87 5.360 24 061196        
-176.39 51.34 276 31 105 79 60 81 2.850 24 061196        
-175.95 51.38 234 20 75 70 70 96 2.870 24 061296        
-169.28 51.24 258 40 -82 67 50 -97 7.710 23 072196        
-170.45 64.90 1 50 32 249 66 135 3.070 23 080996        
-170.97 64.56 148 58 4 55 86 148 7.270 23 080996        
-174.15 51.47 226 31 54 87 65 110 7.370 23 091496        
-166.35 52.04 222 54 -134 101 55 -47 6.950 23 100196        
-172.95 67.02 134 50 -36 249 63 -134 1.510 25 102496        
-171.06 64.92 146 76 -8 238 82 -166 7.970 23 110396        
-177.90 51.92 105 27 -139 338 73 -68 1.590 24 121096        
-174.16 67.08 230 53 -160 127 74 -39 4.780 23 032497        
-170.56 51.79 235 18 83 63 72 92 11.550 24 050897        
-173.85 51.44 252 17 105 56 74 85 11.490 23 062097        
-167.37 52.33 243 21 86 66 70 91 1.470 25 072097        
-179.51 51.21 279 13 142 47 82 80 2.620 24 091897        
-176.66 51.45 203 21 40 75 77 106 4.960 25 101597        
-169.91 51.91 231 26 68 75 66 100 7.550 23 112397        
-164.06 54.16 194 45 -26 303 72 -132 5.550 24 010398        
-168.47 52.10 243 21 89 64 69 90 7.720 24 012398        
-169.03 52.30 237 10 106 41 81 87 9.710 23 012398        
-169.83 52.00 251 17 107 54 74 85 12.240 23 070298        
-172.92 51.57 253 21 93 69 69 89 1.590 25 091498        
-162.88 54.29 245 12 95 60 78 89 6.920 23 112898        
-164.31 52.88 257 23 110 56 68 82 13.400 23 120198        
-169.50 52.10 232 20 99 43 70 87 6.750 23 120498        
-169.37 52.05 228 21 75 64 70 96 5.720 24 120598        
-169.70 50.89 244 26 -122 99 68 -76 7.500 23 011699        
-162.84 53.82 204 27 67 49 65 101 4.740 23 041399        
-169.61 52.07 202 36 37 81 69 121 5.870 23 081399        
-169.61 51.93 242 23 99 53 67 86 2.290 24 081399        
-169.46 52.01 231 21 76 66 69 95 6.390 24 081399        
-177.10 50.70 283 54 -21 26 73 -142 1.520 24 090299        
-166.91 52.41 259 21 101 67 69 86 1.620 24 052500        
-179.52 51.15 250 38 60 106 58 111 4.450 23 072900        
-177.39 51.07 233 18 121 21 75 81 5.280 23 082900        
-179.58 51.27 259 19 107 61 72 84 2.160 24 061401        
-179.87 51.19 265 21 108 66 70 84 6.590 25 061401        
-179.17 51.17 270 13 94 85 77 89 1.260 24 072501        
-163.76 53.33 222 8 74 58 83 92 6.230 23 072601        
-169.20 52.48 222 20 72 61 71 96 5.580 23 091101        
-159.49 54.27 171 80 177 262 87 10 4.190 23 101601        
-166.90 52.91 243 14 108 44 76 86 7.160 23 102101        
-174.74 51.57 252 11 102 60 80 88 10.430 23 102701        
-171.11 52.01 241 18 82 69 72 92 12.880 23 010702        
-166.75 52.93 215 19 86 39 71 91 1.720 24 030102        
-173.18 51.68 250 20 93 67 70 89 8.310 24 031402        
-173.19 51.58 244 23 89 66 67 90 5.770 23 031702        
-173.37 51.74 266 22 116 58 71 80 6.830 24 031702        
-177.68 51.22 242 21 81 71 69 93 2.420 24 042402        
-160.33 53.33 256 17 95 71 73 88 3.680 25 052502        
-163.63 53.50 266 23 108 67 68 83 4.720 23 082902        
-173.48 51.49 255 24 97 67 66 87 1.590 25 112602        
-168.98 51.40 259 30 -83 71 60 -94 1.710 24 122802        
-171.34 51.57 257 27 115 49 66 78 0.872 24 080903        
-166.88 52.54 225 40 71 69 53 105 4.418 23 100303        
-166.32 51.60 219 47 -125 85 53 -59 0.926 25 080704        
-166.33 51.68 244 40 -84 56 50 -95 1.736 23 082004        
-174.16 51.33 221 23 77 56 68 96 3.445 23 200501061014  
-169.39 51.96 219 23 51 81 72 105 0.951 24 200504252206  
-169.46 51.97 235 33 79 68 58 97 2.302 23 200504260004  
-161.05 53.27 262 42 -119 118 54 -67 2.779 23 200507050722  
-162.20 65.50 280 45 -118 137 52 -65 2.088 23 200509060716  
-167.04 52.42 248 21 82 76 69 93 3.405 23 200509090547  
-169.04 52.00 237 17 80 68 74 93 3.659 24 200510201526  
-168.19 51.45 240 33 -114 88 60 -75 1.193 24 200601031053  
-166.99 52.49 214 33 74 53 59 100 2.036 23 200604241528  
-160.60 53.13 236 32 -127 98 65 -69 0.961 24 200606181837  
-176.20 50.24 254 42 -110 99 51 -73 1.214 24 200606260159  
-179.17 50.95 265 21 109 65 70 83 1.725 24 200607090416  
-179.23 50.95 272 24 117 63 69 79 1.466 24 200607090546  
-169.67 65.82 89 44 -74 247 48 -105 2.714 23 200607101530  
-173.87 51.49 256 20 96 69 70 88 5.446 24 200609180346  
-174.74 51.33 247 22 95 62 68 88 3.967 23 200609180951  
-173.24 50.71 249 31 -109 91 61 -79 6.825 23 200610121627  
-163.79 53.35 230 22 71 70 70 97 2.484 24 200611251210  
-163.54 53.46 225 24 65 72 69 100 4.526 23 200611282025  
-167.55 53.55 128 49 -37 245 63 -132 0.945 24 200701101001  
-173.56 51.42 254 28 90 74 62 90 3.981 23 200701221022  
-168.01 52.20 230 23 91 49 67 90 1.283 24 200704132156  
-163.67 53.49 194 27 52 56 69 108 2.441 23 200705291834  
-167.90 52.30 230 23 80 60 68 94 1.699 25 200707151308  
-167.92 52.29 234 19 102 41 72 86 8.082 24 200707151326  
-177.69 50.28 264 40 -98 94 50 -84 6.259 25 200708152022  
-177.65 50.26 281 43 -94 106 47 -86 6.105 23 200709191157  
-177.35 50.24 266 32 -85 80 58 -93 2.428 23 200711061648  
-168.10 52.21 243 21 91 62 69 90 4.302 25 200712262204  
-168.30 52.12 241 21 87 65 69 91 3.517 24 200712271444  
-168.27 52.14 237 24 84 64 66 93 1.692 24 200712271513  
-168.24 52.19 230 26 79 62 64 95 0.933 24 200712271527  
-168.18 52.17 246 18 87 69 72 91 7.565 24 200712292258  
-179.22 51.82 341 80 -6 72 84 -170 3.898 23 200803011120  
-179.23 51.76 155 85 2 65 88 175 0.849 24 200803011955  
-179.27 51.76 65 73 177 156 87 17 6.415 24 200803020511  
-173.75 52.36 145 44 -57 282 54 -118 2.226 24 200803041924  
-169.37 51.96 209 27 54 68 68 107 3.510 24 200803111437  
-162.52 54.23 238 7 78 70 83 91 1.401 24 200803221351  
-173.50 51.47 254 27 75 91 64 98 2.860 23 200803230415  
-168.40 52.15 223 23 70 64 68 98 0.864 24 200803250057  
-170.59 51.75 243 22 69 85 69 98 6.102 23 200804061114  
-166.75 67.68 293 36 -100 125 55 -83 0.811 24 200804131341  
-179.29 51.78 81 74 175 172 85 16 5.894 25 200804152259  
-179.17 51.81 69 74 176 160 86 16 0.978 26 200804160554  
-177.54 51.96 79 74 176 170 86 16 0.968 26 200805020133  
-179.10 51.01 271 26 122 57 68 76 8.118 23 200806111112  
-169.92 51.82 230 22 70 71 70 98 1.640 24 200806291702  
-168.16 52.23 245 25 88 67 65 91 3.870 23 200807011550  
-167.28 53.24 198 45 -80 3 46 -100 6.679 23 200808070727  
-175.53 52.19 79 48 -172 343 84 -42 3.915 23 200808071012  
-175.54 52.27 65 46 179 156 89 44 4.016 23 200808071249  
-175.63 52.22 75 53 -153 328 69 -41 7.215 24 200808071830  
-167.05 52.58 232 33 70 75 59 102 2.917 23 200810081646  
-157.57 66.46 259 72 -173 167 84 -18 2.474 23 200810281430  
-174.41 51.37 254 24 99 64 66 86 1.257 24 200810312210  
-174.51 51.33 254 21 85 79 69 92 5.864 23 200810312305  
-174.39 51.39 253 24 97 66 66 87 0.851 24 200810312326  
-174.34 51.39 248 26 88 70 64 91 4.501 23 200811012333  
-170.56 51.83 280 22 125 64 72 77 1.186 24 200811050504  
-175.03 51.30 253 28 96 66 63 87 1.029 24 200811150403  
-163.58 53.41 217 23 71 57 68 98 7.894 23 200812271450  
-178.13 51.27 291 11 123 78 81 84 4.690 24 200906221955  
-169.36 52.12 245 28 84 72 62 93 6.434 23 200909162050  
-170.75 66.96 238 61 -157 136 70 -32 5.721 23 200909250945  
-166.99 52.54 252 22 97 64 69 87 5.048 25 200910130537  
-167.20 52.44 261 18 105 64 72 85 4.819 25 200910132021  
-161.43 54.55 248 11 87 71 79 91 6.858 23 201001211155  
-162.89 53.56 253 22 94 69 68 88 5.691 23 201002030721  
-173.58 51.48 259 23 97 71 67 87 7.170 24 201003091406  
-173.27 51.42 254 21 101 63 69 86 2.706 23 201003200844  
-178.57 50.05 126 49 -49 253 55 -127 2.444 23 201004251551  
-177.71 60.45 54 78 -176 323 86 -12 6.692 25 201004302311  
-177.47 60.29 318 59 -13 55 79 -148 4.196 25 201004302316  
-177.54 60.42 117 38 -59 260 58 -112 2.971 23 201005011704  
-163.76 52.49 230 41 -119 85 55 -67 1.911 24 201005031404  
-163.24 53.51 241 21 87 64 69 91 1.657 24 201005281007  
-156.92 58.09 236 45 94 51 46 86 3.079 23 201006131343  
-169.64 52.66 178 61 -30 283 65 -147 1.252 26 201007180556  
-169.43 52.60 157 46 -71 310 47 -109 1.387 25 201007181948  
-169.41 52.62 318 36 -101 152 55 -82 3.901 24 201007190820  
-169.37 52.58 147 43 -91 328 47 -89 2.041 24 201007190823  
-169.39 52.60 333 42 -87 148 48 -93 4.963 23 201007191424  
-169.76 52.79 298 37 -91 119 53 -89 4.600 23 201007191909  
-169.34 52.61 313 37 -93 137 53 -88 3.417 23 201007201253  
-169.70 52.71 176 55 -22 280 72 -143 5.461 23 201007210551  
-177.48 60.38 318 62 -8 52 83 -152 7.312 23 201007241713  
-169.39 52.58 318 37 -100 150 53 -83 3.485 24 201007281131  
-169.33 52.61 302 45 -103 140 46 -77 0.862 24 201007281207  
-170.40 52.74 71 68 -159 333 70 -23 5.702 23 201008171527  
-166.94 52.56 235 21 79 66 69 94 6.611 23 201010030810  
-175.40 51.26 260 24 106 63 67 83 4.767 25 201010080326  
-175.32 51.24 258 21 104 63 70 85 1.287 25 201010080349  
-175.15 51.19 252 21 105 57 70 84 4.365 24 201010080419  
-175.05 51.29 258 26 104 63 65 83 7.021 23 201010082332  
-175.28 51.31 267 25 96 80 66 87 0.928 24 201010100625  
-176.40 51.01 261 21 114 55 71 81 1.983 24 201011040105  
-176.62 51.14 267 24 113 62 68 80 7.299 23 201011051003  
-169.72 52.71 183 67 -18 280 73 -156 1.001 24 201011120946  
-169.44 51.94 230 24 74 68 67 97 1.851 24 201011300842  
-169.46 51.96 229 22 90 49 68 90 5.196 23 201012042002  
-169.40 51.96 220 22 61 70 71 101 1.118 24 201012141433  
-176.10 51.11 243 24 89 64 66 90 7.469 23 201012192211  
-176.18 51.13 265 15 122 53 77 82 8.098 23 201012260632  
-176.22 51.18 275 24 124 59 70 76 0.964 24 201012261224  
-176.18 51.16 249 23 98 60 67 86 3.952 23 201012270338  
-175.99 51.06 250 25 107 51 66 82 4.546 23 201012271136  
-169.31 52.59 140 45 -81 307 46 -99 3.501 23 201102150918  
-175.22 50.51 268 43 -98 99 47 -82 6.203 23 201104150650  
-166.90 65.44 280 41 -111 128 52 -72 3.618 23 201105210833  
-171.96 51.98 209 6 40 80 86 94 1.682 24 201106280732  
-166.69 52.83 219 28 93 36 62 89 1.184 24 201201121420  
-167.09 52.62 241 18 77 75 72 94 8.449 23 201201250046  
-166.71 67.66 298 32 -93 121 58 -88 6.003 23 201202211350  
-157.41 55.09 243 34 -84 55 56 -94 2.025 24 201203101410  
-173.31 51.53 261 16 117 53 76 82 7.161 23 201203111902  
-174.43 66.38 296 43 -44 61 62 -123 5.780 23 201203260930  
-165.86 52.14 80 38 -77 243 53 -100 1.905 23 201205082223  
-174.98 51.57 204 23 66 50 69 100 3.815 23 201205140245  
-157.75 57.22 93 50 129 222 53 54 1.993 23 201208031457  
-167.32 52.39 225 22 82 53 69 93 2.369 25 201208101837  
-178.08 51.56 307 56 -147 197 63 -39 6.706 25 201209262339  
-178.52 51.69 166 64 -28 269 65 -151 3.730 23 201301211132  
-173.69 50.31 102 43 -71 257 50 -107 1.443 24 201302200847  
-171.92 52.58 43 60 -155 300 69 -33 1.620 24 201305122006  
-167.74 56.45 299 43 -74 97 49 -105 1.827 23 201306100805  
-167.13 51.48 211 46 -137 88 61 -53 3.954 24 201307030340  
-167.16 51.46 87 44 -90 267 46 -90 1.953 23 201307090650  
-179.25 50.05 110 42 -53 245 57 -119 2.544 23 201308092146  
-178.57 51.72 277 51 -143 161 62 -46 2.071 23 201308162025  
-177.39 49.84 270 45 -71 64 48 -108 2.437 23 201308180825  
-175.30 51.45 258 10 86 82 80 91 1.174 24 201308310007  
-174.87 51.30 244 22 87 67 68 91 1.297 25 201308310638  
-174.81 51.31 252 23 97 65 67 87 1.836 24 201308310950  
-175.26 51.36 220 9 49 82 84 96 6.107 23 201308311901  
-175.12 51.26 256 21 109 56 70 83 1.263 24 201309020959  
-174.54 51.40 254 24 93 71 66 89 4.678 24 201309050543  
-174.46 51.36 253 24 102 60 66 85 1.395 24 201309051009  
-174.27 51.32 253 19 85 79 71 92 5.430 23 201309071312  
-171.15 51.52 243 26 86 68 64 92 5.441 23 201309121525  
-168.35 52.17 255 24 83 82 66 93 4.536 23 201310291444  
-168.61 52.15 232 28 72 72 63 99 4.597 23 201311100335  
-174.38 51.44 258 24 100 67 67 85 6.664 23 201311260811  
-179.07 51.36 277 17 149 37 81 75 3.961 23 201401160745  
-163.52 53.48 222 28 66 69 65 102 4.038 23 201402171359  
-163.98 53.29 228 23 60 80 70 102 3.292 23 201403181208  
-162.30 67.80 289 38 -99 121 53 -83 4.772 24 201404181844  
-162.25 67.75 311 37 -64 101 57 -108 3.883 23 201404190849  
-162.18 67.84 289 42 -107 131 51 -75 4.113 24 201405030857  
-162.07 67.85 309 40 -71 104 52 -105 5.775 24 201406070443  
-162.16 67.84 279 48 -124 143 52 -58 4.206 24 201406161201  
-156.82 55.76 335 5 169 75 89 85 5.318 23 201408032021  
-177.74 51.51 276 5 111 75 85 88 9.240 23 201410270954  
-171.20 51.61 8 52 177 99 88 38 7.980 23 201412021633  
-169.31 56.79 267 48 -118 125 49 -63 2.494 23 201501310325  
-168.74 56.64 294 22 -49 71 74 -105 1.235 24 201501311238  
-169.05 56.78 105 39 -98 295 52 -84 2.034 23 201501311716  
-169.07 56.77 270 44 -101 105 47 -80 1.424 24 201501311739  
-169.11 56.81 104 42 -84 276 48 -95 0.728 24 201501312047  
-169.09 56.83 104 41 -88 282 49 -92 6.488 23 201502011120  
-169.14 56.83 98 39 -89 277 51 -91 1.298 24 201502011740  
-168.57 52.18 254 28 90 75 62 90 2.606 24 201502030716  
-175.84 50.08 241 42 -114 92 52 -70 0.768 24 201502260945  
-173.31 50.51 260 45 -84 72 45 -96 4.257 24 201503071318  
-162.90 52.84 235 43 -103 72 48 -78 0.825 24 201503121947  
-172.91 50.45 269 31 -82 79 59 -95 5.142 23 201503211110  
-163.62 53.46 219 24 67 64 68 99 5.369 23 201506270135  
-170.44 51.91 254 24 89 75 66 91 3.235 23 201506271152  
-173.76 51.26 255 21 93 71 69 89 5.240 23 201507042335  
-169.31 52.03 221 26 78 55 64 96 1.830 24 201507282121  
-169.32 52.00 220 27 66 67 65 102 1.253 24 201507291604  
-169.60 51.94 236 31 68 81 62 103 2.467 23 201507310512  
-169.49 51.94 257 22 103 62 69 85 4.449 23 201508012206  
-174.33 51.42 264 20 111 61 71 82 5.635 23 201509050634  
-174.27 51.39 254 21 102 61 70 86 2.645 24 201509050700  
-174.34 51.47 267 24 120 55 70 78 3.105 23 201509050720  
-169.48 51.97 235 22 78 69 69 95 1.200 25 201509101026  
-169.40 51.90 249 11 84 75 79 91 4.112 23 201509101659  
-168.40 52.16 228 26 79 60 64 96 0.982 24 201510072343  
-173.33 51.55 257 25 100 66 66 86 7.644 24 201511020815  
-172.85 51.43 253 20 94 69 70 89 3.157 24 201511081046  
-172.90 51.48 255 22 95 70 68 88 5.748 24 201511081133  
-173.02 51.55 258 21 99 68 69 86 5.920 25 201511091603  
-172.71 51.49 258 31 97 70 59 86 2.467 23 201511092354  
-174.95 51.35 115 31 -48 249 68 -112 3.978 23 201511121728  
-173.94 51.46 253 20 95 68 70 88 3.701 24 201603121323  
-173.82 51.38 257 21 97 69 69 87 4.620 25 201603121806  
-173.90 51.52 256 27 118 45 67 76 2.098 23 201603130320  
-173.80 51.52 246 27 92 64 63 89 1.808 24 201603130419  
-173.51 51.47 260 23 104 65 68 84 6.857 23 201603180938  
-174.13 51.40 248 21 91 67 69 90 1.494 25 201603190135  
-168.63 52.11 234 27 87 57 63 92 4.851 24 201603271801  
-168.54 52.06 239 19 82 68 71 93 3.145 24 201603281714  
-157.66 57.22 70 37 89 251 53 91 2.705 25 201604020550  
-174.01 51.39 232 24 89 52 66 90 6.535 23 201604140137  
-175.53 50.45 276 44 -89 94 47 -91 3.113 23 201606291719  
-166.68 52.82 223 26 75 59 65 97 1.922 24 201607261946  
-158.18 55.87 64 45 85 250 45 95 1.740 23 201608271514  
-166.81 52.53 231 33 88 53 57 91 3.085 23 201609260040  
-162.77 52.70 237 44 -96 65 46 -84 4.453 23 201610012207  
-163.11 53.55 229 21 74 66 70 96 7.803 24 201610271153  
-173.49 51.49 250 25 90 70 65 90 3.501 23 201610280131  
-157.52 57.20 75 38 98 244 52 84 3.915 23 201611122152  
-176.12 50.45 70 45 -125 294 54 -60 2.385 23 201611290709  
-157.37 57.31 89 45 122 227 53 62 2.323 23 201703242349  
-176.36 51.23 257 18 93 74 72 89 7.422 23 201704041049  
-176.24 51.23 245 33 73 85 58 101 3.889 24 201704042208  
-178.61 51.84 294 48 -122 157 51 -60 2.568 23 201705031845  
-176.88 51.06 255 23 97 67 67 87 5.529 24 201705081531  
-176.87 51.06 253 19 90 73 71 90 0.968 25 201705081547  
-178.38 51.76 196 80 -4 286 86 -170 2.592 25 201705081700  
-178.31 51.63 206 68 -14 301 77 -157 4.079 23 201705081953  
-178.16 51.55 338 45 -59 117 53 -117 2.353 23 201705082153  
-176.91 51.08 261 27 106 62 64 82 1.776 24 201705090859  
-176.79 51.00 260 26 101 67 65 85 1.517 24 201705090902  
-178.35 51.76 170 51 -52 299 52 -127 6.472 24 201705100759  
-178.49 51.80 6 77 -7 97 84 -167 2.714 23 201705101925  
-164.41 54.63 303 88 0 33 90 -178 1.979 23 201705122253  
-170.44 51.89 267 21 104 72 70 85 0.873 24 201705190121  
-164.31 53.29 234 26 78 67 65 96 7.913 23 201705240635  
-166.60 52.22 236 38 -116 87 57 -71 0.947 24 201705241607  
-166.65 52.26 239 45 -109 85 48 -72 6.677 24 201705241636  
-160.49 53.43 245 17 83 73 74 92 3.682 24 201705280737  
-169.89 51.81 235 22 66 81 70 99 1.269 24 201709290122  
-156.09 54.65 203 54 44 84 56 135 2.752 23 201710120001  
-169.92 51.85 259 26 97 72 65 87 6.323 23 201710120823  
-170.03 51.82 231 22 74 68 69 96 0.878 24 201710130800  
-169.57 51.01 78 43 -95 264 48 -86 1.217 23 201711151720  
-163.65 53.46 210 26 52 71 70 107 2.026 24 201805271933  
-174.69 51.37 254 26 99 64 64 86 7.762 23 201807090242  
-166.41 52.62 267 20 89 88 70 90 4.063 23 201807090316  
-177.37 60.42 317 54 -9 52 83 -144 3.692 23 201807271823  
-169.52 52.71 93 80 -170 1 80 -11 1.580 23 201808310021  
-178.38 51.68 301 51 -137 180 58 -48 2.390 23 201809270555  
-157.19 66.34 266 61 -159 165 71 -31 2.321 23 201902101335  
-162.82 53.59 270 23 118 60 70 79 5.123 23 201902152254  
-157.10 66.38 166 71 -14 261 77 -160 1.067 24 201903062133  
-157.08 66.36 93 51 -135 331 57 -48 4.973 23 201903262127  
-157.37 66.34 288 43 -116 142 52 -68 2.416 23 201904160507  
-157.39 66.47 150 38 -46 279 64 -118 1.875 23 201906150631  
-157.26 66.35 265 70 -165 169 76 -21 2.199 23 201907021817  
-165.79 52.22 257 36 -66 48 57 -107 7.470 23 201908031811  
-168.44 52.08 246 24 86 71 66 92 4.363 23 201908102138  
-178.74 51.57 341 30 -111 185 62 -79 0.948 24 201909090354  
-177.29 50.38 95 44 -89 273 46 -91 1.275 24 201909092124  
-166.90 52.49 242 27 82 71 64 94 1.345 24 201909231751  
-157.13 66.37 166 69 -18 263 74 -158 1.805 24 201910180058  
-157.24 66.42 158 62 -22 258 71 -150 0.932 24 201910181309  
-177.81 51.96 92 72 178 183 89 18 2.689 25 202001230553  
-179.79 51.20 290 15 128 70 78 81 1.639 24 202001260724  
-157.31 66.31 270 65 -157 170 69 -27 2.400 23 202003181531  
-175.21 51.30 262 25 96 75 65 87 3.706 23 202003240711  
-156.73 54.54 220 19 54 78 74 102 2.507 23 202005201713  
-160.41 53.22 64 37 -95 250 53 -86 1.735 24 202007050853  
-169.47 51.95 216 35 44 88 66 117 4.491 23 202007120420  
-177.40 51.94 81 55 175 174 86 35 1.101 24 202007150859  
-161.21 54.55 243 63 179 334 89 27 0.857 24 202008051617  
-163.76 53.44 236 23 80 66 68 94 3.581 24 202008130640  
-171.15 51.43 249 21 89 70 69 90 4.248 24 202008162005  
-169.59 51.90 237 26 73 76 66 98 3.524 23 202008230149  
-169.77 51.90 250 21 151 7 80 71 6.044 24 202009270412  
-169.64 51.91 113 72 -18 209 73 -161 1.576 23 202009271051  
-169.65 51.83 250 26 95 64 64 87 7.425 23 202009280244  
-169.66 51.90 256 30 99 66 61 85 2.691 23 202010100641  
-159.81 54.44 327 8 171 66 89 82 1.749 24 202010201232  
-162.63 52.43 234 43 -110 80 50 -72 4.291 23 202011040327  
-160.10 53.57 260 41 -51 33 60 -119 0.906 24 202012160549  
-169.98 52.91 333 86 1 243 89 176 2.044 23 202103261441  
-173.27 51.46 249 27 96 62 63 87 5.784 23 202105220904  
-159.67 53.38 74 39 -76 236 52 -101 1.831 23 202106141041  
-160.35 53.19 214 42 -135 88 62 -57 1.233 24 202106181002  
-163.66 53.41 217 22 56 73 71 103 5.573 23 202109091923  
-156.31 54.95 228 11 83 55 79 91 1.035 24 202109162305  
-167.83 52.30 247 20 97 59 70 87 1.751 26 202201111135  
-168.01 52.26 251 22 99 61 68 86 7.311 25 202201111239  
-155.92 54.35 243 23 92 60 68 89 2.167 24 202204251631  
-169.16 56.78 85 36 -116 295 58 -73 1.426 24 202207040917  
-174.95 52.34 275 55 -143 161 60 -41 0.927 24 202207080940  
-168.11 52.14 235 22 83 62 68 93 3.955 23 202208010408  
-156.07 56.08 201 4 43 68 87 93 5.784 23 202208170200  