-152.98 55.78 33 1.57 -0.98 -0.59 5.84 4.38 -0.65 25   041278        
-151.21 56.30 15 1.11 -1.19 0.07 4.15 2.91 -0.67 24   071978        
-157.27 64.12 33 -0.02 1.41 -1.40 0.18 0.96 -2.74 23   122478        
-157.53 55.44 21 3.81 -2.89 -0.92 7.20 3.79 -1.84 25   021379        
-141.39 60.50 19 0.76 -0.88 0.12 1.69 0.18 -0.06 27   022879        
-140.70 60.37 15 -3.21 0.79 2.42 -3.01 -0.14 -3.48 23   030279        
-141.20 60.63 15 0.68 -0.67 -0.01 1.19 0.66 -0.10 24   042079        
-147.53 61.47 39 -2.32 1.02 1.30 -1.07 1.69 3.55 23   040680        
-154.16 56.20 34 0.57 -0.48 -0.10 1.04 0.61 -0.29 24   070680        
-149.16 59.46 15 -0.36 -0.05 0.41 -2.20 -1.59 0.66 24   080180        
-151.53 63.49 15 1.14 0.48 -1.62 2.08 0.79 -4.81 23   080780        
-141.18 60.12 15 0.52 -0.58 0.05 1.31 -0.02 0.25 24   050282        
-151.38 56.91 19 1.37 -0.60 -0.77 3.80 3.49 -1.11 24   090682        
-154.56 55.57 10 0.13 -0.23 0.10 1.07 0.93 -0.10 25   011483        
-159.00 54.63 19 3.48 -2.94 -0.53 5.38 2.76 -1.94 25   021483        
-158.98 54.51 40 6.30 -6.09 -0.21 5.34 4.32 -4.15 24   021483        
-140.75 61.39 13 1.54 -1.38 -0.16 0.47 0.16 0.62 24   033083        
-141.44 60.21 17 3.91 -3.63 -0.28 6.34 0.52 -0.48 24   062883        
-149.02 62.15 19 0.35 4.20 -4.55 -0.08 1.58 -4.43 24   081484        
-146.65 60.40 31 0.00 -0.51 0.51 1.77 0.70 0.02 24   092084        
-149.98 66.37 10 0.74 -5.28 4.55 -2.31 2.44 -5.59 23   021485        
-149.94 66.53 12 -0.04 -1.57 1.62 0.72 0.32 -0.71 25   030985        
-150.45 66.47 13 0.27 -0.44 0.17 -0.68 0.16 -1.62 24   031085        
-159.40 54.84 32 4.55 -3.43 -1.12 6.13 4.21 -1.76 25   100985        
-159.27 54.87 23 7.03 -5.97 -1.06 7.16 5.59 -6.46 23   102685        
-159.34 54.40 40 1.12 -1.03 -0.09 0.74 0.29 -0.56 25   111485        
-153.38 56.11 23 0.93 -0.57 -0.36 1.29 0.85 -0.69 24   030686        
-153.01 65.84 15 0.15 -0.26 0.11 0.48 0.52 -1.21 24   060486        
-152.45 55.93 15 0.75 -0.53 -0.22 3.26 1.77 -0.65 25   061986        
-153.65 55.90 15 0.79 -1.21 0.42 4.72 3.65 -0.43 25   091286        
-153.21 56.06 15 2.10 -1.57 -0.53 5.15 4.88 -2.60 24   091686        
-152.28 56.30 33 2.88 -1.61 -1.27 7.46 5.52 -1.12 23   052087        
-143.62 58.87 15 -0.99 -0.79 1.78 0.39 -3.46 5.38 26   111787        
-143.74 59.11 15 -1.43 -4.59 6.02 4.07 -6.00 8.66 23   111887        
-143.23 58.98 15 -0.15 0.46 -0.32 -0.82 0.58 3.78 23   111887        
-143.50 58.85 15 -0.50 -0.96 1.46 0.30 -0.14 5.31 24   111887        
-141.09 61.56 15 1.91 -2.01 0.10 -0.24 -0.40 0.42 24   112387        
-142.04 58.17 15 -0.65 -1.23 1.88 2.55 -0.58 6.58 27   113087        
-142.56 58.05 15 -0.13 -0.84 0.98 0.80 -0.66 5.15 24   120187        
-143.66 58.82 15 0.06 0.40 -0.46 0.15 -0.11 1.08 24   120287        
-142.77 58.65 15 0.00 1.27 -1.27 0.00 0.00 0.93 24   120387        
-142.36 59.33 15 0.75 -0.72 -0.02 0.00 0.00 1.75 24   121587        
-143.53 57.37 15 0.19 -0.05 -0.14 -1.39 1.18 4.56 27   030688        
-144.92 59.22 15 0.52 -0.24 -0.28 1.25 0.10 -0.16 24   031088        
-143.41 57.08 15 1.13 -0.38 -0.75 -1.92 0.67 4.04 23   031588        
-143.20 57.90 15 -1.07 -1.70 2.77 0.72 -1.53 5.85 24   042688        
-152.77 55.91 15 2.52 -2.41 -0.11 3.98 4.53 -2.43 23   080888        
-153.76 55.70 25 3.66 -1.87 -1.80 7.98 4.86 -2.81 24   022289        
-144.01 57.27 15 0.09 -0.64 0.55 0.00 0.00 5.23 23   040889        
-157.02 67.30 15 -1.62 -0.20 1.82 -0.01 0.39 -0.45 24   042389        
-140.82 60.18 15 6.34 -7.32 0.98 9.04 -2.27 -2.79 23   080689        
-157.23 55.66 26 1.17 -1.03 -0.15 3.87 2.09 -0.57 26   090489        
-153.09 56.89 15 0.38 -0.25 -0.12 1.32 0.71 -0.32 25   052990        
-158.39 54.70 28 0.38 -0.18 -0.20 0.62 1.17 -0.48 24   010191        
-148.44 66.28 15 5.25 -5.08 -0.18 0.39 3.16 -1.22 23   020791        
-150.70 61.46 36 -2.61 -0.48 3.10 1.10 6.28 -0.95 23   042691        
-142.92 57.59 15 -0.06 -0.33 0.39 -0.15 -0.68 1.59 26   080792        
-157.31 53.45 17 -4.92 2.38 2.55 0.69 0.73 5.11 24   092792        
-154.54 55.90 26 0.81 -0.70 -0.12 1.59 1.30 -0.56 24   041693        
-153.81 56.80 27 -3.36 1.84 1.52 0.50 1.87 1.80 23   042293        
-159.66 54.61 34 2.16 -1.69 -0.47 2.24 1.59 -1.30 24   051793        
-154.93 55.39 15 0.48 -0.54 0.06 1.61 1.39 -0.32 24   052893        
-144.50 59.56 15 -4.28 3.22 1.06 2.15 -0.49 1.90 23   072793        
-149.96 58.49 32 -1.55 -4.36 5.91 -1.40 -6.93 0.81 23   121594        
-157.44 55.10 31 2.96 -1.39 -1.56 3.39 1.36 -0.89 23   012595        
-146.33 60.20 15 0.77 -1.14 0.38 -0.29 -0.54 -0.38 24   060695        
-147.73 69.59 25 0.04 -3.15 3.12 3.28 -3.18 -2.74 23   083195        
-148.50 65.28 15 -1.33 -5.86 7.18 2.22 -1.04 -8.23 24   100695        
-152.83 57.03 15 -0.18 0.10 0.08 0.85 1.26 0.09 24   030396        
-144.96 63.56 15 3.53 -4.83 1.30 1.05 -1.67 -0.67 24   102296        
-151.54 56.14 33 0.72 -0.98 0.27 1.42 0.63 -1.06 24   120896        
-149.71 61.49 15 -3.21 3.13 0.07 9.05 -2.30 -0.02 23   050697        
-156.94 57.51 37 0.20 0.23 -0.43 0.27 -0.28 -1.37 24   050998        
-156.87 58.08 36 -1.14 4.34 -3.20 1.96 2.20 -7.64 23   050998        
-156.83 58.08 32 -0.11 0.65 -0.54 -0.43 -0.18 -1.26 24   050998        
-152.07 56.73 33 -0.27 -0.31 0.58 2.96 2.37 -0.81 24   110898        
-147.34 56.35 23 6.36 -7.20 0.84 3.75 -6.33 4.66 24   011699        
-152.86 56.48 15 1.75 -0.45 -1.31 1.27 4.01 -0.53 23   050699        
-152.58 56.21 19 0.73 -0.51 -0.22 2.05 1.10 -0.43 25   050799        
-149.29 57.47 15 1.52 -2.63 1.11 0.02 0.60 0.09 24   012300        
-154.76 65.03 15 0.47 1.15 -1.63 -0.34 1.70 -2.41 24   020300        
-145.20 60.83 33 0.55 0.06 -0.61 4.42 0.26 -0.75 23   022700        
-145.60 60.15 15 0.40 -0.43 0.04 1.40 0.75 -0.27 24   030100        
-150.18 58.65 36 2.46 -4.18 1.72 1.49 3.71 5.71 23   062800        
-142.85 57.33 15 0.77 2.69 -3.46 -1.86 -0.36 7.88 23   093000        
-152.81 55.74 22 2.22 -2.37 0.15 4.25 2.94 -1.37 24   110600        
-153.56 56.99 21 0.81 -0.57 -0.24 2.75 1.56 -0.54 26   011001        
-153.63 56.51 25 2.16 -1.11 -1.05 5.91 6.44 -0.96 23   021101        
-142.74 54.59 15 -1.44 1.63 -0.19 -2.97 2.28 5.90 23   051401        
-151.74 64.74 15 -1.72 -1.12 2.84 2.28 2.31 -3.96 23   060401        
-158.93 54.78 33 1.25 -0.94 -0.30 1.52 0.90 -0.83 24   062301        
-140.31 61.47 15 3.27 -2.38 -0.90 1.08 0.90 1.76 24   062601        
-150.99 57.06 30 1.39 -6.26 4.87 2.32 1.83 4.16 24   071901        
-159.49 54.27 15 -0.65 -0.84 1.49 -0.75 -0.54 3.94 23   101601        
-146.41 60.67 18 2.74 -1.96 -0.78 1.30 1.23 -0.99 23   022502        
-146.76 63.20 15 -0.22 -4.14 4.36 -0.56 2.01 -1.47 23   070502        
-151.26 58.50 19 -3.32 -2.24 5.56 2.91 -4.58 0.65 23   090502        
-148.13 63.58 16 -0.04 0.31 -0.28 -0.02 0.02 -1.05 26   102302        
-144.89 63.23 15 0.51 -6.04 5.53 0.18 2.62 -3.94 27   110302        
-145.50 63.32 15 2.38 -1.97 -0.40 1.76 1.14 -0.55 23   110502        
-141.82 62.22 15 3.14 -3.25 0.11 -1.64 2.07 -0.23 23   110802        
-148.29 63.41 15 3.33 -1.78 -1.55 4.12 -1.57 -2.37 23   110802        
-143.49 62.99 15 -0.95 -4.09 5.04 -2.03 -2.46 3.34 23   110802        
-145.47 63.33 15 1.36 -0.36 -1.00 5.28 -3.94 0.53 23   120102        
-145.84 63.41 15 4.35 -3.44 -0.92 -0.92 2.64 2.76 23   012403        
-153.43 55.74 18 1.35 -1.10 -0.25 2.74 1.33 -0.89 24   080303        
-147.23 68.88 15 -1.16 -0.18 1.33 -0.41 1.14 -0.54 24   082103        
-151.44 58.33 12 -0.20 0.21 -0.01 2.04 0.47 -0.27 24   012004        
-140.56 61.45 12 -0.03 -0.83 0.86 0.21 -0.20 0.31 24   042904        
-151.38 63.18 24 0.24 3.21 -3.45 1.23 -1.31 -0.40 23   110804        
-157.81 55.14 32 4.75 -3.83 -0.93 6.11 2.66 -3.51 23   121904        
-147.68 60.53 32 -4.55 -0.08 4.63 -0.12 1.77 -0.77 23   122104        
-147.82 60.50 35 -1.24 -0.27 1.50 0.45 0.54 0.01 23   200501131736  
-154.24 56.16 13 -0.01 3.39 -3.38 3.51 3.47 -2.91 24   200504091516  
-143.65 63.20 17 2.18 -0.58 -1.60 -0.61 -0.48 0.73 23   200508300424  
-142.16 66.46 14 -0.17 -1.32 1.50 0.03 0.52 0.40 24   200602050817  
-142.23 66.44 17 -1.76 -4.45 6.22 -1.17 2.36 2.17 23   200602051643  
-155.89 55.37 22 1.20 -1.49 0.29 4.59 3.30 -0.92 24   200701051652  
-144.88 69.69 14 -0.14 -1.50 1.64 0.79 -0.57 -2.16 23   200704280520  
-154.90 56.93 25 -0.21 -0.54 0.75 -1.05 -0.53 -3.99 23   200709030101  
-151.54 58.32 37 0.02 -0.67 0.65 0.26 0.22 0.19 24   200710031406  
-152.95 55.84 26 0.28 -1.37 1.09 0.81 -0.33 1.99 23   200710112218  
-151.93 54.05 32 0.97 -1.41 0.45 0.31 -0.83 3.25 23   200804061411  
-153.27 55.59 15 3.74 -2.66 -1.08 6.44 3.78 -2.19 24   200805251918  
-143.83 60.83 20 -3.25 0.80 2.45 5.29 -0.42 -3.78 23   200810080953  
-157.57 66.46 16 -1.14 1.47 -0.34 -0.38 0.52 -2.22 23   200810281430  
-152.29 56.11 12 2.16 -2.08 -0.08 7.25 3.21 -2.00 23   200903300342  
-152.64 56.26 12 0.03 -0.06 0.03 1.17 0.74 -0.06 25   200903300713  
-152.12 56.00 32 2.45 -1.43 -1.02 2.22 1.71 -2.02 23   200903301738  
-151.99 56.15 13 1.22 -0.88 -0.34 2.23 0.12 -0.97 23   200905151738  
-151.88 56.23 12 4.36 -3.11 -1.25 7.08 3.20 -2.31 23   200905151824  
-151.87 56.22 12 0.46 -0.32 -0.14 0.75 0.30 -0.24 24   200905151923  
-152.01 56.11 12 3.91 -2.80 -1.10 6.85 3.77 -2.10 24   200905161822  
-152.05 56.17 14 0.80 -0.52 -0.28 0.72 0.50 -0.39 24   200905161837  
-143.74 59.32 12 2.81 -2.32 -0.49 2.13 0.57 -1.03 24   200907250143  
-152.38 56.19 16 0.37 -0.33 -0.04 0.99 0.54 -0.32 24   200912270312  
-156.92 58.09 12 2.90 -2.00 -0.89 -0.03 0.12 -1.72 23   201006131343  
-146.31 69.39 21 0.16 -1.74 1.58 0.99 1.69 -5.93 23   201011070043  
-149.50 60.74 36 -0.19 -2.51 2.69 1.37 -0.08 1.61 23   201011151824  
-150.89 63.57 18 -1.10 0.51 0.58 -0.46 0.89 -9.04 23   201101230250  
-149.01 57.61 23 1.49 -3.54 2.05 0.23 -0.87 -0.32 23   201201130138  
-157.41 55.09 12 -1.97 1.37 0.60 -0.56 -0.51 0.71 24   201203101410  
-153.18 56.16 31 2.57 -1.77 -0.80 1.98 1.51 -1.16 23   201207201854  
-157.75 57.22 12 1.56 -1.58 0.03 0.25 -0.89 -0.82 23   201208031457  
-147.61 60.29 30 -1.53 -0.13 1.66 -0.79 0.90 0.80 23   201208091643  
-154.39 56.85 30 -3.37 -2.82 6.18 3.83 4.40 2.56 23   201209180144  
-142.97 57.70 16 -0.46 -0.27 0.73 -1.56 -1.21 3.59 25   201211122042  
-154.13 59.27 26 -0.12 -0.64 0.77 0.22 0.11 -0.05 24   201303101711  
-144.52 69.26 17 0.31 -1.57 1.26 0.06 0.34 -1.08 23   201309012252  
-155.12 56.92 39 -1.03 0.18 0.86 0.90 0.24 0.90 24   201312070736  
-157.70 55.20 38 4.21 -3.40 -0.81 4.27 1.82 -2.64 23   201312071644  
-159.92 54.67 38 0.73 -0.55 -0.17 0.52 0.26 -0.34 24   201401070607  
-140.30 61.28 23 -0.18 -4.01 4.19 0.50 -0.37 6.29 23   201406050538  
-140.31 61.32 25 -0.24 -5.07 5.31 -0.01 0.56 6.64 23   201406050544  
-140.07 61.36 27 -0.28 -1.19 1.47 -0.03 -0.45 1.80 23   201407121115  
-140.34 60.41 19 0.10 -0.46 0.36 0.22 0.65 -1.00 25   201407171149  
-140.40 60.36 28 -0.11 0.56 -0.45 -0.21 1.93 -3.29 23   201407200215  
-156.82 55.76 15 -0.00 -0.54 0.54 5.13 1.31 0.23 23   201408032021  
-145.36 59.43 12 -5.22 4.97 0.25 -2.69 -1.58 0.84 23   201408270610  
-148.98 65.27 19 -1.32 -3.66 4.98 2.64 4.36 -4.49 23   201408310306  
-149.01 65.11 27 -0.34 -1.78 2.13 1.00 1.17 -1.47 23   201410210036  
-149.11 65.20 24 -1.14 -1.23 2.37 1.23 1.72 -2.46 23   201410231630  
-154.08 57.72 31 -2.65 0.66 1.99 -0.17 -0.20 -0.93 23   201506260439  
-157.09 57.08 20 -0.76 1.51 -0.76 -0.94 -0.59 -3.29 23   201509081134  
-159.40 54.78 35 3.38 -2.16 -1.23 2.70 1.17 -1.78 23   201510121930  
-157.66 57.22 12 2.54 -2.36 -0.18 -0.71 -0.23 -0.87 25   201604020550  
-144.63 59.76 14 -3.91 2.75 1.15 2.81 -1.66 1.45 23   201605021338  
-158.18 55.87 13 1.63 -1.53 -0.10 -0.05 0.07 -0.74 23   201608271514  
-157.52 57.20 15 3.73 -3.35 -0.38 -0.77 -0.66 -1.29 23   201611122152  
-142.70 62.64 20 0.00 -1.59 1.58 -0.35 -0.09 0.24 24   201702130717  
-157.37 57.31 12 1.98 -1.90 -0.08 0.04 -0.91 -0.90 23   201703242349  
-151.17 63.10 27 0.38 2.09 -2.46 -1.51 -2.04 0.11 23   201704291115  
-152.51 56.71 24 0.69 -0.52 -0.17 1.37 0.47 -0.41 24   201705111436  
-151.63 55.37 15 -0.95 -0.71 1.66 0.38 -0.41 2.51 23   201708121441  
-156.09 54.65 15 1.82 -1.51 -0.31 0.64 -0.71 -2.00 23   201710120001  
-147.42 60.68 27 -0.33 -0.29 0.62 0.88 1.10 0.02 24   201711272218  
-149.12 56.22 34 0.24 -0.48 0.25 0.19 -0.36 0.79 28   201801230931  
-148.12 56.53 37 0.75 -1.17 0.42 -0.12 -0.61 0.49 24   201801232321  
-148.42 56.51 12 -2.27 0.22 2.05 0.19 -0.85 0.29 24   201801240004  
-148.96 55.57 21 -0.36 -2.00 2.36 -0.03 0.12 2.07 23   201801241646  
-149.83 56.15 16 0.02 0.43 -0.44 2.58 1.94 5.11 23   201801242158  
-149.49 55.77 20 -0.03 -5.36 5.39 0.25 -1.48 0.81 23   201801252355  
-149.19 56.09 36 0.48 -0.68 0.20 0.04 -0.55 0.64 24   201801260109  
-148.51 56.51 16 -2.34 0.55 1.79 -0.27 0.50 0.08 23   201801260801  
-150.04 55.96 15 -0.60 -0.78 1.37 2.29 0.14 5.28 23   201801261642  
-149.97 55.91 22 -0.22 -0.32 0.54 0.97 -0.04 1.61 23   201801271114  
-149.76 56.05 12 -0.13 -0.11 0.23 0.98 1.22 2.27 23   201801271125  
-148.94 56.69 35 4.15 -4.07 -0.08 3.14 -1.67 -1.10 23   201801312001  
-149.73 56.00 15 0.00 -0.17 0.17 0.31 0.54 1.56 23   201802011009  
-149.94 56.02 16 0.01 -0.68 0.68 0.61 -0.05 2.13 23   201802012115  
-149.25 56.27 21 -0.04 -1.86 1.89 0.74 -0.54 0.54 23   201802031635  
-148.72 56.47 14 0.04 -1.26 1.22 0.75 0.92 4.55 23   201802051922  
-148.27 56.38 31 0.66 -2.32 1.65 0.43 -1.14 1.52 23   201802061516  
-150.04 55.97 18 0.20 -0.65 0.45 0.71 0.20 2.48 23   201802080358  
-149.69 56.07 19 -0.14 -0.26 0.41 0.87 -0.05 2.11 23   201802151934  
-158.93 55.67 26 -0.64 2.41 -1.77 -0.30 -1.55 -1.57 23   201802230331  
-149.54 56.32 24 0.08 -0.42 0.34 1.49 0.46 2.08 23   201803040020  
-149.13 55.68 12 2.07 -1.27 -0.80 0.90 0.66 3.86 23   201803090037  
-149.92 55.81 13 -0.02 -0.02 0.04 0.43 0.14 1.25 23   201803130059  
-153.17 55.98 21 2.26 -1.23 -1.04 2.41 1.21 -1.54 23   201803240552  
-148.38 56.37 12 -0.21 -0.79 1.00 1.23 0.68 5.29 23   201803261801  
-148.64 56.50 16 -0.16 -0.63 0.79 0.58 -0.08 1.89 23   201803272216  
-148.46 56.57 12 -0.16 -0.19 0.35 0.24 -0.15 1.50 24   201803272241  
-149.76 56.10 13 -0.07 0.25 -0.19 0.32 0.33 4.48 23   201803310107  
-149.03 56.34 14 -0.61 -1.29 1.89 0.11 -0.58 -0.43 23   201804010140  
-149.70 56.11 14 -0.27 -0.53 0.80 1.11 1.16 8.50 23   201804070309  
-149.01 56.09 16 -0.09 -1.05 1.14 0.46 -0.48 0.22 23   201804290617  
-148.37 56.39 29 1.09 -1.76 0.67 -0.75 -0.71 2.17 24   201805080814  
-149.23 56.32 13 -0.06 -2.94 3.00 0.43 -1.25 0.30 23   201806170432  
-144.78 69.74 12 -0.77 -1.99 2.76 0.49 -1.51 -4.73 25   201808121458  
-144.67 69.83 34 -0.30 0.26 0.04 0.74 -0.05 -1.06 24   201808121602  
-144.23 69.68 15 -0.14 -0.72 0.86 0.22 -0.25 -1.01 25   201808122115  
-144.26 69.66 12 -0.64 -2.18 2.81 2.16 0.25 -3.23 23   201808122131  
-144.36 69.68 15 -0.15 -0.60 0.75 1.93 -1.11 -1.54 23   201808131936  
-144.94 69.63 13 -0.47 -2.85 3.33 2.27 2.49 -2.28 23   201809181240  
-156.14 67.94 21 -2.92 3.50 -0.58 0.55 -2.35 -1.73 23   201810142353  
-149.52 56.38 33 0.79 -1.80 1.01 0.25 -1.31 2.02 23   201810270100  
-151.55 65.35 25 -0.28 1.56 -1.29 0.35 1.65 -4.23 23   201810271657  
-154.85 56.50 34 -1.38 -1.40 2.78 -0.27 1.41 1.97 23   201812271337  
-153.42 65.40 18 -0.81 -1.69 2.50 1.32 0.18 -1.75 23   201901060345  
-157.19 66.34 18 -0.84 1.02 -0.19 0.26 0.95 -1.89 23   201902101335  
-157.10 66.38 18 -0.31 0.55 -0.25 0.24 0.18 -0.92 24   201903062133  
-141.63 59.94 12 3.79 -3.87 0.08 0.98 -0.88 -1.59 23   201903110007  
-157.08 66.36 13 -3.33 3.51 -0.17 -0.02 -0.95 -3.94 23   201903262127  
-149.11 56.34 15 0.38 -2.55 2.18 -0.29 -0.74 0.43 23   201904081957  
-157.37 66.34 15 -1.97 1.52 0.45 -0.05 0.62 -1.57 23   201904160507  
-151.42 58.32 32 -0.06 -2.38 2.44 1.20 0.42 0.82 23   201906071457  
-157.39 66.47 17 -1.36 0.93 0.43 1.13 0.37 -0.84 23   201906150631  
-157.26 66.35 12 -0.26 0.68 -0.42 0.43 0.84 -1.90 23   201907021817  
-144.67 69.32 21 -0.16 -0.01 0.17 0.52 0.07 -0.94 24   201907030438  
-148.54 56.14 12 -0.24 -1.03 1.27 0.71 0.55 4.19 23   201910120244  
-148.56 56.21 13 0.38 -0.44 0.07 -0.31 1.26 1.62 23   201910151237  
-157.13 66.37 12 -0.73 1.00 -0.28 0.36 0.26 -1.57 24   201910180058  
-157.24 66.42 14 -0.37 0.65 -0.28 0.26 0.23 -0.67 24   201910181309  
-151.69 56.04 30 3.16 -2.84 -0.32 3.30 1.71 -1.97 23   201912212252  
-151.28 55.53 19 -3.35 -0.50 3.85 1.51 -2.44 1.74 23   202001020854  
-149.24 55.75 12 1.04 -0.90 -0.14 0.71 1.72 5.20 23   202001311125  
-157.31 66.31 15 -1.17 0.94 0.23 0.20 0.53 -2.19 23   202003181531  
-148.69 56.43 23 1.34 -5.13 3.78 -0.90 -0.17 5.55 23   202003200753  
-153.38 55.93 15 0.37 -0.13 -0.24 1.37 0.72 -0.49 24   202004170022  
-156.73 54.54 15 1.33 -0.96 -0.36 2.09 0.29 -0.66 23   202005201713  
-153.25 56.08 37 2.67 -3.41 0.74 0.78 1.61 -0.72 23   202006051347  
-153.53 56.03 19 3.56 -3.99 0.43 5.52 3.37 -1.68 23   202007080107  
-159.28 54.83 36 4.15 -3.23 -0.92 5.38 2.93 -1.65 27   202007220612  
-158.20 54.83 35 1.93 -1.00 -0.93 1.19 1.54 -1.32 23   202007301608  
-158.40 54.87 25 0.56 -0.45 -0.12 1.33 1.40 -0.56 24   202008081252  
-157.93 55.06 35 4.86 -4.12 -0.74 3.40 1.65 -2.56 23   202008091457  
-157.93 55.04 33 3.64 -2.73 -0.91 3.68 2.08 -2.09 23   202008181828  
-157.77 55.01 37 2.07 -1.58 -0.49 2.02 0.98 -1.17 23   202009250557  
-159.72 54.80 38 0.81 -0.68 -0.13 0.63 0.33 -0.39 25   202010060554  
-159.70 54.48 37 0.05 -0.52 0.46 1.87 0.70 2.15 27   202010192054  
-159.81 54.34 20 -0.73 -0.66 1.39 1.44 2.35 4.30 24   202010200407  
-159.81 54.44 15 0.09 -0.24 0.15 1.57 0.73 0.15 24   202010201232  
-159.91 54.57 28 0.51 -2.16 1.65 1.72 1.27 3.80 23   202010202138  
-159.76 54.26 25 -0.48 -2.24 2.73 4.68 -1.71 4.16 23   202010210117  
-159.61 54.38 28 -2.44 1.41 1.03 0.35 0.66 1.86 23   202010210637  
-159.74 54.52 22 0.52 -0.84 0.32 -0.19 1.50 1.48 23   202010211156  
-147.46 56.53 16 -0.46 0.55 -0.08 0.44 1.69 1.98 23   202010241758  
-159.69 54.62 28 0.07 -0.12 0.05 0.64 2.01 1.78 23   202010242223  
-159.67 54.55 22 -1.93 2.85 -0.92 -1.62 2.83 4.75 23   202010300436  
-159.84 54.13 22 -0.61 -0.56 1.16 2.01 0.87 4.13 23   202011051256  
-150.67 53.71 12 2.01 -1.13 -0.88 -0.94 1.05 3.87 24   202012011635  
-159.89 54.43 24 0.49 0.69 -1.17 1.91 0.69 1.79 23   202012030108  
-159.74 54.65 33 0.02 -0.86 0.84 0.98 1.03 3.51 23   202012100137  
-159.78 54.72 35 0.23 -0.67 0.44 0.88 1.68 3.94 23   202012190010  
-140.54 61.58 17 2.01 -2.54 0.53 -1.67 0.96 0.83 23   202105090203  
-149.79 56.05 12 0.02 -0.32 0.30 0.87 0.86 4.51 23   202105180353  
-159.67 53.38 14 -1.81 1.43 0.38 0.22 0.46 0.62 23   202106141041  
-157.32 55.40 30 1.03 -0.77 -0.26 2.39 1.37 -0.48 28   202107290615  
-156.87 55.27 20 1.35 -0.86 -0.48 1.56 0.09 -0.59 24   202107292032  
-156.79 55.25 34 1.26 -1.21 -0.06 1.42 0.47 -0.70 24   202107300352  
-154.19 55.40 15 1.71 -1.39 -0.33 4.95 4.03 -1.12 23   202107302211  
-157.45 55.17 25 1.39 -1.13 -0.26 3.27 1.69 -0.71 26   202108141157  
-147.23 64.43 15 0.35 -1.53 1.18 -0.62 -0.78 1.20 23   202109140556  
-156.23 54.91 21 1.61 -1.29 -0.31 2.54 0.96 -0.86 24   202109161751  
-156.31 54.95 12 0.35 -0.24 -0.10 0.79 0.54 -0.26 24   202109162305  
-156.40 56.01 39 -2.10 -0.59 2.69 -0.38 2.17 3.52 23   202110011412  
-158.52 54.79 33 2.78 -2.43 -0.35 2.80 1.00 -1.24 24   202110311637  
-149.12 55.76 12 0.13 -3.99 3.86 0.35 -1.69 1.73 23   202202030624  
-155.92 54.35 12 1.53 -1.18 -0.35 1.32 0.78 -0.65 24   202204251631  
-156.89 55.38 40 2.52 -1.08 -1.44 2.25 1.22 -1.90 23   202206022141  
-156.07 56.08 15 0.38 -0.40 0.02 5.32 2.17 -0.64 23   202208170200  
-156.64 56.24 39 -4.80 0.66 4.15 3.05 4.61 0.90 23   202209200837  
-141.18 60.15 20 4.70 -5.03 0.33 4.85 1.94 -1.26 23   202209292308  
-156.80 54.43 22 2.56 -1.69 -0.87 2.55 0.03 -1.22 23   202301101942 