-173.68 52.35 15 0.26 0.10 -0.36 1.66 0.54 -0.26 24   083077        
-169.69 52.54 20 2.66 -0.60 -2.06 0.13 5.14 -2.56 24   121777        
-176.31 50.93 17 0.94 -0.81 -0.13 1.02 0.79 -0.54 24   121977        
-168.37 52.48 16 3.78 -2.49 -1.29 4.84 1.21 -2.71 24   071378        
-169.03 52.02 20 5.65 -5.59 -0.06 4.31 -0.83 -1.56 23   031180        
-168.81 52.27 20 1.72 -1.34 -0.39 1.54 0.48 -1.22 24   031280        
-176.37 50.45 15 -1.19 1.13 0.06 -0.17 -0.08 0.11 24   020581        
-174.82 51.48 15 1.49 -1.17 -0.33 1.41 1.35 -0.87 24   051881        
-165.85 51.74 10 -5.42 5.88 -0.46 2.90 -8.27 2.40 23   060581        
-162.46 68.04 15 -0.44 1.74 -1.30 0.04 0.62 -1.35 24   071281        
-172.21 50.43 15 -0.79 1.03 -0.23 -0.71 0.18 0.12 24   071381        
-163.34 53.70 15 5.16 -2.35 -2.81 3.31 3.51 -3.21 23   082182        
-167.25 52.74 10 1.14 -1.04 -0.11 2.10 0.55 -0.88 25   091282        
-167.33 52.61 16 1.98 -1.86 -0.12 2.12 1.42 -1.10 24   091282        
-170.72 51.82 15 0.25 0.71 -0.96 1.07 0.71 0.63 24   120282        
-159.00 54.63 19 3.48 -2.94 -0.53 5.38 2.76 -1.94 25   021483        
-173.45 51.11 10 0.85 -0.66 -0.19 1.08 0.34 -0.45 25   060983        
-167.91 52.01 15 3.77 -1.92 -1.86 5.21 4.48 -1.60 23   110483        
-173.29 51.98 20 5.71 -4.94 -0.77 7.45 3.35 -3.13 23   061884        
-177.46 50.45 13 -2.03 2.75 -0.72 0.68 -0.93 0.00 24   072784        
-173.77 52.07 10 0.66 -0.52 -0.15 1.07 0.40 -0.32 24   020785        
-168.17 54.40 15 -0.06 -0.99 1.06 0.30 0.09 0.21 25   041186        
-174.39 51.56 18 4.60 -4.87 0.27 5.62 3.12 -1.38 24   050986        
-176.34 51.56 15 3.09 -3.06 -0.03 7.80 5.31 -1.07 23   051186        
-173.73 51.79 16 2.15 -1.87 -0.28 2.78 1.76 -0.98 24   051186        
-174.56 51.56 16 1.99 -1.83 -0.16 2.55 1.40 -0.77 24   051186        
-174.96 51.47 15 0.82 -0.85 0.03 1.12 1.11 -0.28 24   051286        
-173.09 51.80 15 8.11 -5.39 -2.73 8.26 2.53 -4.45 23   051486        
-174.73 52.51 15 -0.01 2.89 -2.88 1.59 0.78 -2.88 25   051586        
-174.70 52.53 15 0.07 4.60 -4.68 3.26 1.87 -4.46 25   051786        
-175.02 52.68 15 -6.96 9.52 -2.56 0.07 5.55 -9.10 23   051986        
-174.33 51.79 15 4.83 -4.53 -0.30 7.46 4.15 -2.51 23   060586        
-174.62 52.49 15 0.19 0.89 -1.08 0.42 0.52 -0.98 24   062986        
-176.23 51.57 17 7.44 -5.77 -1.66 9.14 5.13 -3.28 23   063086        
-167.48 53.75 18 -9.07 2.85 6.23 0.63 -1.18 6.23 24   071986        
-167.32 53.79 15 -1.01 0.00 1.01 0.07 0.24 0.51 25   071986        
-167.59 54.03 15 -5.30 0.08 5.22 -0.05 -0.94 2.41 23   072086        
-173.92 51.58 15 8.55 -7.61 -0.94 9.81 6.77 -3.68 23   080186        
-177.01 51.57 18 4.57 -5.02 0.45 5.58 3.16 -1.12 24   080386        
-179.22 64.06 15 0.05 1.11 -1.16 -0.60 -0.14 -0.99 24   101986        
-167.99 51.88 15 3.97 -3.16 -0.81 0.84 2.19 -4.18 23   110986        
-167.16 53.72 16 -2.27 0.27 2.00 -0.09 1.26 0.58 26   022787        
-179.98 51.33 15 1.77 -1.61 -0.15 3.11 1.37 -0.69 24   030687        
-167.20 53.38 15 -1.26 0.16 1.10 0.62 0.94 -0.16 24   031687        
-176.10 51.41 15 -1.26 -0.98 2.23 0.83 1.49 -3.13 23   051687        
-175.08 52.03 15 1.15 -1.03 -0.12 0.93 1.54 -0.78 24   011388        
-173.90 51.41 15 3.17 -2.39 -0.78 2.24 1.08 -1.19 23   012388        
-168.33 52.56 15 2.09 -1.37 -0.72 4.20 3.04 -1.37 24   032988        
-163.01 53.47 20 4.96 -4.28 -0.68 7.33 3.36 -3.87 24   052288        
-174.28 50.88 15 -2.43 2.61 -0.18 -0.95 -0.61 0.63 24   052588        
-177.60 51.02 15 1.88 -1.74 -0.14 5.81 1.36 -0.51 23   061888        
-166.72 52.98 15 6.54 -1.38 -5.16 5.27 3.85 -6.04 23   070188        
-170.07 51.91 15 2.02 -1.82 -0.20 4.61 0.53 -0.44 23   072088        
-176.07 51.89 15 2.91 -2.54 -0.37 6.81 2.80 -1.36 23   072388        
-171.30 52.69 15 -3.85 -2.59 6.45 5.69 -2.37 -1.06 23   111488        
-174.97 52.06 15 4.89 -3.60 -1.28 9.60 5.64 -3.06 24   010889        
-174.84 52.07 15 0.70 -0.41 -0.29 1.36 0.72 -0.36 24   010889        
-174.61 51.92 15 2.99 -2.47 -0.52 3.46 1.26 -2.20 24   010889        
-175.06 51.63 15 4.00 -5.02 1.03 8.62 5.97 0.64 23   010989        
-170.09 52.38 19 6.80 -4.30 -2.50 8.02 6.78 -5.05 23   020989        
-157.02 67.30 15 -1.62 -0.20 1.82 -0.01 0.39 -0.45 24   042389        
-168.12 52.81 15 0.96 -0.64 -0.33 1.37 1.42 -0.77 24   082389        
-173.57 52.10 15 1.84 -1.73 -0.12 2.60 1.63 -1.17 24   091589        
-179.07 51.10 15 1.86 -2.02 0.16 1.11 -0.19 -0.50 25   100789        
-179.22 51.03 15 0.54 -0.36 -0.18 1.36 0.74 -0.40 25   100789        
-179.23 51.01 15 3.02 -1.59 -1.42 2.02 0.10 -2.01 24   100789        
-178.77 51.46 15 0.64 -0.62 -0.01 1.36 0.18 -0.06 24   112489        
-169.51 52.34 15 7.13 -4.79 -2.33 9.14 4.18 -4.90 24   010890        
-169.24 52.31 15 3.48 -2.20 -1.27 4.06 1.82 -2.79 24   010990        
-169.94 52.23 15 1.19 -0.63 -0.56 1.11 1.06 -0.03 24   011090        
-170.57 52.25 15 1.91 -0.60 -1.31 4.89 4.55 -0.63 23   012190        
-174.90 51.70 19 2.38 -1.69 -0.69 2.61 1.19 -1.21 25   031290        
-174.94 51.50 15 1.07 -1.60 0.53 3.44 1.52 -0.32 24   031290        
-172.96 51.26 15 -3.96 4.72 -0.75 0.71 -1.06 -0.32 23   062190        
-174.26 52.47 15 -0.19 0.18 0.00 -0.07 -0.50 -1.21 24   062790        
-168.54 53.07 15 2.88 -0.92 -1.95 4.76 2.02 -1.87 23   082890        
-170.70 51.63 19 -0.65 5.58 -4.93 4.16 -1.33 8.19 24   112190        
-175.15 58.43 15 -0.72 1.12 -0.40 -0.02 -0.47 -0.06 26   022191        
-163.40 53.87 15 2.90 -3.44 0.54 6.36 3.56 -2.20 23   041191        
-166.99 53.60 15 -1.34 0.17 1.17 -0.47 -0.28 0.57 24   101991        
-166.99 53.89 15 -1.27 -0.04 1.32 -0.64 0.03 0.47 24   102091        
-165.58 53.40 15 5.66 -1.58 -4.09 9.14 4.51 -1.86 24   021392        
-179.39 51.24 15 4.64 -4.46 -0.18 6.58 4.91 -2.03 24   032692        
-175.90 50.16 15 -1.65 1.80 -0.15 -0.23 -0.03 0.45 24   041592        
-172.95 51.57 15 4.45 -3.80 -0.65 5.90 0.37 -1.88 24   062492        
-176.40 50.94 15 -3.42 3.89 -0.47 -1.31 -1.80 -0.38 23   070892        
-174.78 50.45 15 -1.57 1.71 -0.14 -0.03 0.01 0.23 25   081992        
-157.31 53.45 17 -4.92 2.38 2.55 0.69 0.73 5.11 24   092792        
-178.01 51.20 15 4.46 -4.14 -0.32 7.16 4.10 -1.74 25   093092        
-178.17 51.31 17 0.78 -0.74 -0.04 1.01 0.79 -0.22 25   093092        
-177.85 51.13 15 6.15 -5.53 -0.62 8.13 5.79 -1.81 24   100192        
-177.67 51.11 15 -0.88 -4.48 5.36 1.71 1.88 -8.73 23   100692        
-177.90 51.22 15 -3.19 3.11 0.08 3.51 -0.62 -0.32 24   100892        
-177.68 51.38 20 1.47 -1.17 -0.29 1.25 -0.36 -0.41 24   101692        
-178.94 50.97 16 0.97 -0.94 -0.03 1.41 1.04 -0.35 25   111192        
-167.74 51.79 15 3.61 -2.28 -1.33 2.62 -2.43 0.63 23   112192        
-178.44 51.24 17 9.64 -8.09 -1.54 8.34 1.70 -3.84 23   041193        
-168.65 51.06 15 -6.69 6.59 0.10 -0.24 1.32 3.06 24   041493        
-161.81 52.72 15 -1.32 0.59 0.73 -0.04 -0.22 0.53 24   070293        
-164.04 54.33 18 -2.88 -1.66 4.53 3.25 -0.60 -2.46 25   111993        
-164.03 54.53 15 -7.05 0.27 6.78 0.00 0.00 -1.88 23   112093        
-170.16 51.89 15 6.14 -6.49 0.35 8.26 2.46 -1.72 23   020694        
-168.40 51.44 15 -1.20 1.05 0.15 0.02 0.04 0.63 24   050494        
-168.01 52.23 20 3.46 -3.05 -0.41 4.36 2.14 -1.48 24   072994        
-173.90 51.48 15 2.08 -1.81 -0.27 2.55 1.47 -0.77 24   101094        
-173.39 51.70 15 7.04 -5.53 -1.51 5.48 3.49 -4.13 23   010495        
-176.90 51.20 17 8.56 -7.57 -0.99 8.01 4.22 -2.38 23   052395        
-163.46 53.31 15 6.85 -5.47 -1.38 6.46 3.35 -3.90 24   070895        
-163.41 53.41 15 0.66 -0.35 -0.31 1.10 0.69 -0.39 24   081895        
-173.48 51.73 15 3.61 -3.38 -0.23 4.48 2.68 -1.59 24   103095        
-168.13 51.77 15 7.84 -7.02 -0.81 8.26 3.28 -2.85 23   032696        
-168.42 51.92 16 1.26 -1.09 -0.17 0.96 0.41 -0.46 24   032896        
-168.41 52.21 18 0.83 -0.50 -0.34 1.12 0.41 -0.36 24   032896        
-168.65 52.03 18 3.80 -3.00 -0.79 4.03 2.13 -1.30 24   032896        
-168.54 51.99 18 2.07 -2.07 -0.01 2.49 1.09 -0.69 24   033096        
-168.62 52.16 16 1.77 -1.40 -0.36 2.49 1.29 -0.83 25   033096        
-175.74 51.29 18 3.27 -2.86 -0.41 3.60 2.04 -1.48 24   061196        
-176.39 51.34 19 2.42 -2.55 0.12 1.32 0.46 -0.11 24   061196        
-175.95 51.38 18 1.66 -1.50 -0.17 2.10 0.71 -0.93 24   061296        
-169.28 51.24 15 -7.21 7.07 0.14 -1.04 -1.01 2.59 23   072196        
-170.45 64.90 15 1.65 -0.10 -1.55 -1.62 0.23 -2.05 23   080996        
-170.97 64.56 20 0.63 5.36 -5.99 3.27 1.91 -2.46 23   080996        
-174.15 51.47 15 5.71 -4.46 -1.25 4.66 -1.33 -2.23 23   091496        
-166.35 52.04 19 -4.77 4.71 0.06 -1.83 5.23 1.78 23   100196        
-172.95 67.02 17 -0.89 1.47 -0.58 0.41 0.57 -0.41 25   102496        
-171.06 64.92 15 -0.62 7.34 -6.72 1.07 1.87 -3.03 23   110396        
-177.90 51.92 15 -1.06 0.86 0.21 0.00 -1.35 -0.32 24   121096        
-174.16 67.08 15 -2.53 5.66 -3.12 -2.02 0.42 -0.33 23   032497        
-170.56 51.79 17 6.46 -5.20 -1.25 8.36 4.09 -3.49 24   050897        
-173.85 51.44 16 5.80 -5.01 -0.79 7.98 5.55 -2.83 23   062097        
-167.37 52.33 19 0.95 -0.80 -0.15 1.02 0.43 -0.40 25   072097        
-179.51 51.21 15 0.66 -0.81 0.15 1.78 1.73 -0.39 24   091897        
-176.66 51.45 15 1.85 -1.49 -0.36 4.14 1.04 -1.94 25   101597        
-169.91 51.91 15 5.45 -4.70 -0.75 4.88 0.75 -2.54 23   112397        
-164.06 54.16 15 -2.36 -1.51 3.87 3.76 -0.61 -2.27 24   010398        
-168.47 52.10 15 4.98 -4.11 -0.87 5.23 2.54 -2.17 24   012398        
-169.03 52.30 15 2.82 -1.64 -1.18 5.99 7.00 -1.90 23   012398        
-169.83 52.00 15 5.93 -5.22 -0.71 8.25 6.18 -3.64 23   070298        
-172.92 51.57 20 1.03 -0.98 -0.05 1.10 0.43 -0.37 25   091498        
-162.88 54.29 15 2.50 -2.32 -0.18 5.46 3.15 -1.61 23   112898        
-164.31 52.88 15 8.86 -7.89 -0.98 7.67 5.91 -3.89 23   120198        
-169.50 52.10 18 3.53 -1.92 -1.61 3.49 3.79 -3.43 23   120498        
-169.37 52.05 15 3.58 -2.64 -0.93 3.95 1.73 -1.97 24   120598        
-169.70 50.89 17 -4.25 6.10 -1.86 -5.23 0.95 0.77 23   011699        
-162.84 53.82 15 3.72 -1.27 -2.44 2.59 1.61 -1.61 23   041399        
-169.61 52.07 15 3.73 -1.57 -2.16 4.43 -1.83 -2.26 23   081399        
-169.61 51.93 17 1.48 -1.16 -0.32 1.25 0.99 -0.97 24   081399        
-169.46 52.01 15 3.94 -3.20 -0.74 4.42 1.83 -2.25 24   081399        
-177.10 50.70 15 -0.21 0.84 -0.63 0.43 -1.34 0.62 24   090299        
-166.91 52.41 19 0.98 -1.05 0.07 1.11 0.49 -0.40 24   052500        
-179.52 51.15 18 4.48 -3.19 -1.29 1.45 -2.15 -0.36 23   072900        
-177.39 51.07 15 3.10 -1.64 -1.46 1.17 4.37 -0.96 23   082900        
-179.58 51.27 20 1.12 -1.20 0.08 1.51 0.86 -0.60 24   061401        
-179.87 51.19 18 3.96 -4.07 0.11 4.58 2.22 -1.21 25   061401        
-179.17 51.17 16 0.54 -0.56 0.03 1.13 0.09 -0.03 24   072501        
-163.76 53.33 15 1.48 -0.93 -0.55 5.15 3.12 -0.90 23   072601        
-169.20 52.48 16 3.60 -1.95 -1.65 3.98 1.92 -1.42 23   091101        
-159.49 54.27 15 -0.65 -0.84 1.49 -0.75 -0.54 3.94 23   101601        
-166.90 52.91 15 3.46 -2.26 -1.20 4.26 4.72 -1.32 23   102101        
-174.74 51.57 17 4.14 -3.04 -1.10 8.40 4.92 -0.87 23   102701        
-171.11 52.01 17 7.27 -6.14 -1.13 9.85 3.68 -3.11 23   010702        
-166.75 52.93 17 0.96 -0.30 -0.66 0.86 1.07 -0.63 24   030102        
-173.18 51.68 16 5.15 -4.66 -0.49 5.90 2.53 -1.94 24   031402        
-173.19 51.58 18 4.33 -3.31 -1.02 3.63 1.65 -1.46 23   031702        
-173.37 51.74 16 4.10 -4.05 -0.05 4.30 3.08 -1.48 24   031702        
-177.68 51.22 17 1.61 -1.37 -0.23 1.72 0.53 -0.60 24   042402        
-160.33 53.33 15 1.94 -1.96 0.03 2.88 1.03 -0.66 25   052502        
-163.63 53.50 15 3.40 -3.08 -0.32 2.98 1.56 -0.71 23   082902        
-173.48 51.49 20 1.15 -1.09 -0.07 0.96 0.44 -0.39 25   112602        
-168.98 51.40 15 -1.35 1.48 -0.13 -0.80 -0.31 0.47 24   122802        
-171.34 51.57 18 0.63 -0.52 -0.11 0.39 0.43 -0.29 24   080903        
-166.88 52.54 15 4.96 -2.70 -2.26 1.64 -0.76 -0.82 23   100303        
-166.32 51.60 12 -0.72 0.73 -0.01 -0.21 0.18 0.53 25   080704        
-166.33 51.68 18 -1.73 1.27 0.46 -0.21 -0.26 0.71 23   082004        
-174.16 51.33 19 2.33 -1.35 -0.99 2.07 1.29 -1.35 23   200501061014  
-169.39 51.96 16 0.57 -0.41 -0.16 0.76 0.02 -0.28 24   200504252206  
-169.46 51.97 19 2.08 -1.59 -0.49 1.00 0.22 -0.84 23   200504260004  
-161.05 53.27 12 -2.72 2.27 0.46 -0.29 1.32 -0.25 23   200507050722  
-162.20 65.50 12 -1.68 1.62 0.05 -0.00 0.50 -1.25 23   200509060716  
-167.04 52.42 18 2.42 -1.96 -0.46 2.46 0.55 -0.59 23   200509090547  
-169.04 52.00 15 1.95 -1.60 -0.35 2.86 1.10 -0.87 24   200510201526  
-168.19 51.45 12 -0.99 0.98 0.01 -0.59 0.13 0.30 24   200601031053  
-166.99 52.49 19 1.97 -0.90 -1.07 0.92 0.35 -0.63 23   200604241528  
-160.60 53.13 12 -0.69 0.78 -0.08 -0.54 0.21 0.21 24   200606181837  
-176.20 50.24 12 -1.14 1.19 -0.05 -0.21 0.26 0.08 24   200606260159  
-179.17 50.95 18 1.04 -1.09 0.05 1.16 0.61 -0.37 24   200607090416  
-179.23 50.95 19 0.93 -1.01 0.08 0.91 0.55 -0.28 24   200607090546  
-169.67 65.82 12 -2.53 2.66 -0.13 0.10 0.49 0.62 23   200607101530  
-173.87 51.49 20 3.35 -3.28 -0.07 3.89 1.52 -1.13 24   200609180346  
-174.74 51.33 19 2.77 -2.23 -0.55 2.50 1.40 -1.03 23   200609180951  
-173.24 50.71 16 -5.70 5.80 -0.10 -3.44 0.69 1.10 23   200610121627  
-163.79 53.35 19 1.50 -1.29 -0.20 1.77 0.58 -0.87 24   200611251210  
-163.54 53.46 19 3.09 -2.21 -0.88 3.23 0.70 -1.41 23   200611282025  
-167.55 53.55 12 -0.57 0.86 -0.29 0.24 0.50 -0.14 24   200701101001  
-173.56 51.42 18 3.44 -2.91 -0.53 2.16 0.62 -0.76 23   200701221022  
-168.01 52.20 18 0.94 -0.54 -0.40 0.68 0.59 -0.41 24   200704132156  
-163.67 53.49 17 1.30 -0.37 -0.93 1.38 0.96 -1.47 23   200705291834  
-167.90 52.30 15 1.16 -0.81 -0.35 1.06 0.56 -0.62 25   200707151308  
-167.92 52.29 15 4.72 -2.58 -2.14 4.15 4.94 -2.64 24   200707151326  
-177.69 50.28 12 -5.87 6.40 -0.53 -1.13 0.46 0.15 25   200708152022  
-177.65 50.26 12 -5.55 6.20 -0.65 -0.34 0.31 -1.75 23   200709191157  
-177.35 50.24 15 -2.33 2.00 0.33 -1.04 -0.28 0.21 23   200711061648  
-168.10 52.21 14 2.92 -2.29 -0.63 2.77 1.51 -1.21 25   200712262204  
-168.30 52.12 13 2.35 -1.92 -0.42 2.34 1.08 -1.02 24   200712271444  
-168.27 52.14 13 1.26 -0.94 -0.32 1.04 0.47 -0.52 24   200712271513  
-168.24 52.19 14 0.71 -0.50 -0.21 0.53 0.24 -0.35 24   200712271527  
-168.18 52.17 18 4.52 -3.87 -0.64 5.69 2.10 -1.59 24   200712292258  
-179.22 51.82 15 -0.30 2.49 -2.20 -0.46 -0.56 -3.02 23   200803011120  
-179.23 51.76 17 -0.13 0.71 -0.59 0.09 -0.00 -0.54 24   200803011955  
-179.27 51.76 12 -0.17 4.69 -4.52 1.25 -1.53 -4.02 24   200803020511  
-173.75 52.36 14 -1.79 1.48 0.31 0.67 0.35 -1.30 24   200803041924  
-169.37 51.96 18 2.22 -1.37 -0.85 2.37 0.64 -1.60 24   200803111437  
-162.52 54.23 15 0.34 -0.27 -0.06 1.28 0.46 -0.13 24   200803221351  
-173.50 51.47 19 2.34 -2.11 -0.23 1.76 -0.25 -0.27 23   200803230415  
-168.40 52.15 19 0.61 -0.38 -0.23 0.58 0.23 -0.27 24   200803250057  
-170.59 51.75 18 4.09 -3.74 -0.34 4.54 0.00 -1.11 23   200804061114  
-166.75 67.68 12 -0.77 0.58 0.18 -0.19 0.20 -0.32 24   200804131341  
-179.29 51.78 12 -0.23 1.71 -1.49 0.93 -1.57 -5.39 25   200804152259  
-179.17 51.81 12 -0.11 0.65 -0.54 0.22 -0.22 -0.72 26   200804160554  
-177.54 51.96 12 -0.03 0.34 -0.31 0.13 -0.25 -0.87 26   200805020133  
-179.10 51.01 18 5.57 -5.45 -0.12 4.28 3.84 -1.59 23   200806111112  
-169.92 51.82 16 1.09 -0.81 -0.28 1.19 0.31 -0.47 24   200806291702  
-168.16 52.23 16 3.01 -2.47 -0.54 2.30 0.93 -1.05 23   200807011550  
-167.28 53.24 17 -6.40 -0.22 6.62 0.74 -0.17 1.31 23   200808070727  
-175.53 52.19 12 -0.47 1.69 -1.23 0.22 -2.65 -2.46 23   200808071012  
-175.54 52.27 12 0.27 2.23 -2.50 0.78 -2.68 -1.72 23   200808071249  
-175.63 52.22 12 -4.07 6.42 -2.34 1.71 -1.79 -4.89 24   200808071830  
-167.05 52.58 19 2.70 -1.91 -0.79 1.46 -0.05 -0.87 23   200810081646  
-157.57 66.46 16 -1.14 1.47 -0.34 -0.38 0.52 -2.22 23   200810281430  
-174.41 51.37 18 0.90 -0.83 -0.07 0.75 0.39 -0.35 24   200810312210  
-174.51 51.33 18 3.93 -3.78 -0.15 4.25 0.76 -0.94 23   200810312305  
-174.39 51.39 18 0.60 -0.56 -0.04 0.52 0.25 -0.23 24   200810312326  
-174.34 51.39 19 3.62 -3.04 -0.58 2.61 0.93 -1.12 23   200811012333  
-170.56 51.83 17 0.66 -0.76 0.10 0.81 0.48 -0.14 24   200811050504  
-175.03 51.30 18 0.83 -0.75 -0.08 0.53 0.26 -0.29 24   200811150403  
-163.58 53.41 15 4.73 -2.86 -1.87 4.87 2.97 -3.74 23   200812271450  
-178.13 51.27 17 1.47 -1.54 0.07 4.32 1.02 0.16 24   200906221955  
-169.36 52.12 17 5.29 -4.68 -0.61 3.42 0.95 -1.92 23   200909162050  
-170.75 66.96 18 -2.74 6.30 -3.56 -0.74 1.61 -1.39 23   200909250945  
-166.99 52.54 13 3.30 -3.01 -0.28 3.30 1.68 -1.34 25   200910130537  
-167.20 52.44 12 2.74 -2.60 -0.14 3.48 1.79 -0.88 25   200910132021  
-161.43 54.55 20 2.61 -2.14 -0.47 6.05 2.03 -0.73 23   201001211155  
-162.89 53.56 18 3.72 -3.68 -0.04 3.80 1.52 -1.45 23   201002030721  
-173.58 51.48 18 5.16 -4.84 -0.32 4.62 1.78 -1.35 24   201003091406  
-173.27 51.42 20 1.95 -1.52 -0.43 1.73 1.01 -0.47 23   201003200844  
-178.57 50.05 12 -1.93 1.96 -0.02 0.47 1.51 -0.40 23   201004251551  
-177.71 60.45 15 0.13 6.19 -6.32 0.34 -1.46 -1.87 25   201004302311  
-177.47 60.29 16 -0.41 3.48 -3.07 -1.08 -2.32 -0.87 25   201004302316  
-177.54 60.42 12 -2.76 2.31 0.45 1.12 1.15 -0.42 23   201005011704  
-163.76 52.49 12 -1.57 1.65 -0.08 -0.59 0.26 0.83 24   201005031404  
-163.24 53.51 17 1.01 -0.89 -0.12 1.12 0.55 -0.55 24   201005281007  
-156.92 58.09 12 2.90 -2.00 -0.89 -0.03 0.12 -1.72 23   201006131343  
-169.64 52.66 12 -0.66 0.13 0.53 0.33 0.16 -1.08 26   201007180556  
-169.43 52.60 12 -1.27 0.40 0.86 0.25 0.14 -0.77 25   201007181948  
-169.41 52.62 12 -3.53 1.07 2.46 -0.36 1.24 -1.94 24   201007190820  
-169.37 52.58 12 -1.86 0.39 1.47 0.06 -0.13 -1.16 24   201007190823  
-169.39 52.60 12 -4.74 0.94 3.80 -0.43 0.41 -2.34 23   201007191424  
-169.76 52.79 12 -4.34 3.48 0.86 -1.05 0.60 -1.97 23   201007191909  
-169.34 52.61 13 -3.23 1.61 1.62 -0.56 0.70 -1.75 23   201007201253  
-169.70 52.71 12 -2.23 0.77 1.47 2.53 0.43 -4.45 23   201007210551  
-177.48 60.38 12 -0.69 6.66 -5.97 -2.00 -2.85 -1.08 23   201007241713  
-169.39 52.58 12 -3.17 0.96 2.21 -0.28 0.96 -1.81 24   201007281131  
-169.33 52.61 12 -0.84 0.47 0.36 0.07 0.11 -0.45 24   201007281207  
-170.40 52.74 12 -1.89 4.59 -2.70 -0.60 -1.88 -3.62 23   201008171527  
-166.94 52.56 16 4.48 -3.35 -1.14 4.56 1.79 -1.85 23   201010030810  
-175.40 51.26 18 3.43 -3.09 -0.34 2.82 1.72 -1.05 25   201010080326  
-175.32 51.24 18 0.83 -0.75 -0.08 0.86 0.48 -0.26 25   201010080349  
-175.15 51.19 17 2.90 -2.31 -0.59 2.67 1.96 -1.03 24   201010080419  
-175.05 51.29 18 5.47 -4.83 -0.64 3.74 2.35 -1.72 23   201010082332  
-175.28 51.31 19 0.70 -0.69 -0.00 0.60 0.12 -0.08 24   201010100625  
-176.40 51.01 15 1.25 -1.08 -0.17 1.20 0.97 -0.41 24   201011040105  
-176.62 51.14 17 5.13 -4.86 -0.27 4.24 2.90 -1.38 23   201011051003  
-169.72 52.71 12 -0.40 -0.01 0.40 0.27 0.07 -0.90 24   201011120946  
-169.44 51.94 17 1.37 -0.97 -0.40 1.22 0.38 -0.56 24   201011300842  
-169.46 51.96 17 3.32 -1.96 -1.36 2.81 2.45 -2.24 23   201012042002  
-169.40 51.96 16 0.71 -0.47 -0.25 0.83 0.20 -0.35 24   201012141433  
-176.10 51.11 19 5.47 -4.42 -1.05 4.54 2.20 -2.25 23   201012192211  
-176.18 51.13 17 3.51 -3.28 -0.23 5.59 4.58 -1.34 23   201012260632  
-176.22 51.18 18 0.60 -0.62 0.02 0.57 0.45 -0.15 24   201012261224  
-176.18 51.16 20 2.86 -2.35 -0.51 2.32 1.43 -1.10 23   201012270338  
-175.99 51.06 18 3.56 -2.56 -1.00 2.17 2.20 -1.11 23   201012271136  
-169.31 52.59 17 -3.67 1.90 1.77 0.34 0.34 -1.44 23   201102150918  
-175.22 50.51 12 -6.06 6.23 -0.17 -0.43 0.61 -0.40 23   201104150650  
-166.90 65.44 12 -3.27 2.95 0.31 -0.32 1.02 -1.49 23   201105210833  
-171.96 51.98 17 0.21 -0.16 -0.06 1.64 0.28 -0.15 24   201106280732  
-166.69 52.83 19 0.94 -0.33 -0.62 0.38 0.54 -0.52 24   201201121420  
-167.09 52.62 16 4.85 -4.36 -0.49 6.64 1.62 -1.82 23   201201250046  
-166.71 67.66 12 -5.28 4.13 1.15 -2.16 1.43 -2.50 23   201202211350  
-157.41 55.09 12 -1.97 1.37 0.60 -0.56 -0.51 0.71 24   201203101410  
-173.31 51.53 16 3.58 -3.03 -0.55 4.80 4.00 -1.10 23   201203111902  
-174.43 66.38 12 -3.88 5.78 -1.90 -1.74 -2.15 0.39 23   201203260930  
-165.86 52.14 20 -1.97 1.53 0.44 0.37 0.48 0.38 23   201205082223  
-174.98 51.57 18 2.41 -0.83 -1.57 2.24 1.66 -1.53 23   201205140245  
-157.75 57.22 12 1.56 -1.58 0.03 0.25 -0.89 -0.82 23   201208031457  
-167.32 52.39 13 1.56 -0.90 -0.66 1.41 1.02 -0.86 25   201208101837  
-178.08 51.56 15 -3.07 -1.91 4.98 4.04 1.97 -2.73 25   201209262339  
-178.52 51.69 12 -2.12 1.99 0.12 0.43 0.43 -3.37 23   201301211132  
-173.69 50.31 12 -1.33 1.47 -0.14 0.15 0.29 0.03 24   201302200847  
-171.92 52.58 12 -0.85 1.85 -1.00 0.31 -0.31 0.36 24   201305122006  
-167.74 56.45 16 -1.86 1.54 0.32 -0.30 -0.34 -0.46 23   201306100805  
-167.13 51.48 12 -2.63 2.72 -0.09 -1.55 0.75 2.40 24   201307030340  
-167.16 51.46 12 -2.04 1.86 0.18 0.04 -0.00 0.09 23   201307090650  
-179.25 50.05 12 -2.14 2.24 -0.10 0.53 1.24 0.03 23   201308092146  
-178.57 51.72 18 -1.22 0.91 0.31 0.37 1.01 -1.39 23   201308162025  
-177.39 49.84 18 -2.40 2.21 0.19 0.01 -0.64 0.47 23   201308180825  
-175.30 51.45 12 0.42 -0.39 -0.03 1.09 0.16 -0.07 24   201308310007  
-174.87 51.30 19 0.91 -0.76 -0.15 0.85 0.35 -0.35 25   201308310638  
-174.81 51.31 20 1.30 -1.16 -0.14 1.14 0.57 -0.47 24   201308310950  
-175.26 51.36 16 1.49 -1.02 -0.47 5.88 0.75 -0.70 23   201308311901  
-175.12 51.26 17 0.81 -0.67 -0.13 0.77 0.59 -0.30 24   201309020959  
-174.54 51.40 20 3.43 -3.11 -0.33 3.00 1.08 -0.97 24   201309050543  
-174.46 51.36 19 0.99 -0.88 -0.11 0.79 0.50 -0.42 24   201309051009  
-174.27 51.32 17 3.40 -3.19 -0.21 4.17 0.76 -0.79 23   201309071312  
-171.15 51.52 12 4.24 -3.57 -0.67 3.14 1.20 -1.65 23   201309121525  
-168.35 52.17 13 3.36 -3.20 -0.16 3.04 0.34 -0.67 23   201310291444  
-168.61 52.15 19 3.71 -2.87 -0.84 2.70 0.48 -1.51 23   201311100335  
-174.38 51.44 17 4.61 -4.55 -0.05 4.16 1.93 -1.59 23   201311260811  
-179.07 51.36 13 1.28 -1.48 0.20 1.98 3.10 -0.57 23   201401160745  
-163.52 53.48 18 2.83 -2.21 -0.63 2.41 0.70 -1.88 23   201402171359  
-163.98 53.29 16 2.10 -1.72 -0.39 2.49 0.19 -0.92 23   201403181208  
-162.30 67.80 19 -4.62 3.74 0.88 -0.88 0.98 -1.73 24   201404181844  
-162.25 67.75 18 -3.40 2.85 0.55 -1.65 -0.38 -1.49 23   201404190849  
-162.18 67.84 12 -3.73 3.04 0.68 -0.19 0.91 -2.09 24   201405030857  
-162.07 67.85 12 -5.09 4.66 0.43 -1.49 -0.37 -2.73 24   201406070443  
-162.16 67.84 12 -3.47 2.90 0.57 0.60 1.45 -2.20 24   201406161201  
-156.82 55.76 15 -0.00 -0.54 0.54 5.13 1.31 0.23 23   201408032021  
-177.74 51.51 15 1.70 -1.60 -0.10 8.78 2.36 -0.08 23   201410270954  
-171.20 51.61 17 0.27 1.77 -2.04 4.93 -0.45 5.96 23   201412021633  
-169.31 56.79 19 -2.38 2.05 0.33 0.26 1.05 -0.55 23   201501310325  
-168.74 56.64 12 -0.77 0.64 0.12 -0.89 -0.52 -0.14 24   201501311238  
-169.05 56.78 12 -2.00 1.73 0.27 0.37 -0.34 -0.60 23   201501311716  
-169.07 56.77 12 -1.40 1.40 0.01 -0.03 0.19 -0.18 24   201501311739  
-169.11 56.81 12 -0.71 0.71 -0.00 0.08 0.03 -0.13 24   201501312047  
-169.09 56.83 12 -6.26 6.23 0.04 0.94 -0.09 -1.51 23   201502011120  
-169.14 56.83 12 -1.21 1.31 -0.10 0.26 -0.02 -0.18 24   201502011740  
-168.57 52.18 15 2.10 -2.09 -0.00 1.38 0.37 -0.62 24   201502030716  
-175.84 50.08 12 -0.64 0.78 -0.15 -0.17 0.11 0.22 24   201502260945  
-173.31 50.51 12 -3.82 4.35 -0.53 0.02 -0.24 1.30 24   201503071318  
-162.90 52.84 12 -0.80 0.65 0.15 -0.12 0.08 0.34 24   201503121947  
-172.91 50.45 12 -4.28 4.74 -0.46 -2.33 -0.61 0.58 23   201503211110  
-163.62 53.46 19 3.41 -2.34 -1.07 3.55 1.50 -2.24 23   201506270135  
-170.44 51.91 18 2.41 -2.26 -0.16 2.07 0.55 -0.64 23   201506271152  
-173.76 51.26 17 3.63 -3.20 -0.43 3.63 1.28 -0.92 23   201507042335  
-169.31 52.03 18 1.41 -0.79 -0.62 0.96 0.59 -0.76 24   201507282121  
-169.32 52.00 17 0.93 -0.62 -0.30 0.77 0.22 -0.51 24   201507291604  
-169.60 51.94 17 2.13 -1.72 -0.41 1.36 -0.13 -0.66 23   201507310512  
-169.49 51.94 17 2.81 -2.76 -0.05 2.83 1.60 -1.26 23   201508012206  
-174.33 51.42 18 3.38 -3.20 -0.18 3.77 2.35 -1.08 23   201509050634  
-174.27 51.39 17 1.66 -1.50 -0.16 1.72 1.02 -0.70 24   201509050700  
-174.34 51.47 19 2.04 -1.89 -0.15 1.74 1.54 -0.62 23   201509050720  
-169.48 51.97 15 0.80 -0.65 -0.15 0.83 0.29 -0.36 25   201509101026  
-169.40 51.90 15 1.84 -1.09 -0.75 3.70 0.98 -0.19 23   201509101659  
-168.40 52.16 20 0.77 -0.51 -0.26 0.54 0.26 -0.38 24   201510072343  
-173.33 51.55 17 5.49 -5.30 -0.19 4.56 2.20 -1.95 24   201511020815  
-172.85 51.43 18 2.02 -1.79 -0.23 2.27 0.89 -0.60 24   201511081046  
-172.90 51.48 19 4.01 -3.70 -0.30 3.82 1.46 -1.18 24   201511081133  
-173.02 51.55 16 3.78 -3.64 -0.15 4.07 1.79 -1.24 25   201511091603  
-172.71 51.49 18 2.28 -1.94 -0.34 1.05 0.50 -0.48 23   201511092354  
-174.95 51.35 18 -2.62 3.18 -0.56 2.23 1.48 -0.12 23   201511121728  
-173.94 51.46 16 2.33 -2.14 -0.19 2.62 1.09 -0.79 24   201603121323  
-173.82 51.38 16 2.96 -2.82 -0.14 3.22 1.32 -0.94 25   201603121806  
-173.90 51.52 13 1.54 -1.21 -0.33 0.83 1.15 -0.66 23   201603130320  
-173.80 51.52 15 1.38 -1.24 -0.14 0.94 0.48 -0.68 24   201603130419  
-173.51 51.47 17 4.86 -4.42 -0.44 4.28 2.29 -1.34 23   201603180938  
-174.13 51.40 16 0.96 -0.86 -0.10 1.03 0.44 -0.38 25   201603190135  
-168.63 52.11 19 3.97 -2.66 -1.32 2.42 1.49 -1.78 24   201603271801  
-168.54 52.06 16 1.93 -1.52 -0.40 2.33 0.90 -0.75 24   201603281714  
-157.66 57.22 12 2.54 -2.36 -0.18 -0.71 -0.23 -0.87 25   201604020550  
-174.01 51.39 19 4.68 -3.01 -1.67 3.47 2.65 -2.62 23   201604140137  
-175.53 50.45 13 -3.10 3.09 0.01 -0.17 -0.04 -0.29 23   201606291719  
-166.68 52.82 18 1.37 -0.90 -0.47 1.09 0.57 -0.87 24   201607261946  
-158.18 55.87 13 1.63 -1.53 -0.10 -0.05 0.07 -0.74 23   201608271514  
-166.81 52.53 20 3.00 -1.79 -1.21 0.99 0.69 -1.14 23   201609260040  
-162.77 52.70 17 -4.33 3.41 0.92 -0.30 0.17 2.03 23   201610012207  
-163.11 53.55 17 4.74 -3.65 -1.09 5.59 2.20 -2.53 24   201610271153  
-173.49 51.49 19 2.72 -2.37 -0.35 2.08 0.78 -0.87 23   201610280131  
-157.52 57.20 15 3.73 -3.35 -0.38 -0.77 -0.66 -1.29 23   201611122152  
-176.12 50.45 17 -2.01 2.26 -0.25 0.32 -1.00 -0.06 23   201611290709  
-157.37 57.31 12 1.98 -1.90 -0.08 0.04 -0.91 -0.90 23   201703242349  
-176.36 51.23 17 4.21 -4.27 0.06 5.72 1.72 -1.24 23   201704041049  
-176.24 51.23 19 3.39 -3.33 -0.06 1.71 -0.22 -0.93 24   201704042208  
-178.61 51.84 20 -2.44 1.24 1.20 0.94 1.12 -0.85 23   201705031845  
-176.88 51.06 18 3.92 -3.67 -0.25 3.46 1.56 -1.32 24   201705081531  
-176.87 51.06 16 0.58 -0.55 -0.03 0.74 0.23 -0.17 25   201705081547  
-178.38 51.76 12 -1.05 -0.81 1.86 0.30 -0.17 -2.19 25   201705081700  
-178.31 51.63 13 -0.39 -2.87 3.26 1.88 0.13 -1.93 23   201705081953  
-178.16 51.55 17 -2.15 0.96 1.19 -0.94 -0.48 -1.04 23   201705082153  
-176.91 51.08 13 1.33 -1.29 -0.05 0.93 0.59 -0.48 24   201705090859  
-176.79 51.00 15 1.10 -1.11 0.01 0.88 0.42 -0.38 24   201705090902  
-178.35 51.76 12 -4.79 0.88 3.92 1.69 1.02 -4.42 24   201705100759  
-178.49 51.80 12 -0.75 -0.19 0.94 -0.51 -0.00 -2.59 23   201705101925  
-164.41 54.63 15 0.24 1.70 -1.93 -0.02 -0.08 0.78 23   201705122253  
-170.44 51.89 16 0.52 -0.59 0.07 0.62 0.22 -0.14 24   201705190121  
-164.31 53.29 20 5.60 -4.90 -0.69 4.66 1.72 -3.29 23   201705240635  
-166.60 52.22 12 -0.82 0.80 0.01 -0.36 0.14 0.29 24   201705241607  
-166.65 52.26 12 -6.12 6.14 -0.01 -0.78 1.19 2.26 24   201705241636  
-160.49 53.43 12 2.00 -1.74 -0.27 2.96 0.89 -0.68 24   201705280737  
-169.89 51.81 16 0.83 -0.68 -0.15 0.97 0.07 -0.28 24   201709290122  
-156.09 54.65 15 1.82 -1.51 -0.31 0.64 -0.71 -2.00 23   201710120001  
-169.92 51.85 18 4.83 -4.66 -0.17 3.74 1.38 -1.25 23   201710120823  
-170.03 51.82 15 0.57 -0.44 -0.13 0.61 0.22 -0.28 24   201710130800  
-169.57 51.01 12 -1.21 1.18 0.03 0.11 -0.05 0.19 23   201711151720  
-163.65 53.46 16 1.18 -0.83 -0.35 1.45 0.35 -0.89 24   201805271933  
-174.69 51.37 18 6.02 -5.36 -0.66 4.18 2.32 -2.17 23   201807090242  
-166.41 52.62 12 2.54 -2.75 0.21 3.08 0.10 -0.12 23   201807090316  
-177.37 60.42 16 -0.74 3.36 -2.62 -1.62 -1.30 -0.36 23   201807271823  
-169.52 52.71 16 -0.56 0.18 0.38 -0.14 -0.14 -1.55 23   201808310021  
-178.38 51.68 20 -1.60 0.07 1.53 1.01 0.85 -1.25 23   201809270555  
-157.19 66.34 18 -0.84 1.02 -0.19 0.26 0.95 -1.89 23   201902101335  
-162.82 53.59 16 3.00 -3.41 0.40 3.20 2.05 -1.30 23   201902152254  
-157.10 66.38 18 -0.31 0.55 -0.25 0.24 0.18 -0.92 24   201903062133  
-157.08 66.36 13 -3.33 3.51 -0.17 -0.02 -0.95 -3.94 23   201903262127  
-157.37 66.34 15 -1.97 1.52 0.45 -0.05 0.62 -1.57 23   201904160507  
-157.39 66.47 17 -1.36 0.93 0.43 1.13 0.37 -0.84 23   201906150631  
-157.26 66.35 12 -0.26 0.68 -0.42 0.43 0.84 -1.90 23   201907021817  
-165.79 52.22 18 -5.78 5.54 0.24 -1.82 -2.36 4.13 23   201908031811  
-168.44 52.08 17 3.17 -2.88 -0.30 2.75 0.90 -1.21 23   201908102138  
-178.74 51.57 12 -0.87 0.21 0.66 0.19 0.52 -0.10 24   201909090354  
-177.29 50.38 12 -1.25 1.29 -0.04 0.07 0.01 -0.10 24   201909092124  
-166.90 52.49 13 1.02 -0.93 -0.09 0.78 0.24 -0.45 24   201909231751  
-157.13 66.37 12 -0.73 1.00 -0.28 0.36 0.26 -1.57 24   201910180058  
-157.24 66.42 14 -0.37 0.65 -0.28 0.26 0.23 -0.67 24   201910181309  
-177.81 51.96 12 -0.38 -0.09 0.46 0.23 -0.85 -2.54 25   202001230553  
-179.79 51.20 16 0.63 -0.75 0.12 1.38 0.55 -0.01 24   202001260724  
-157.31 66.31 15 -1.17 0.94 0.23 0.20 0.53 -2.19 23   202003181531  
-175.21 51.30 18 2.88 -2.74 -0.14 2.25 0.68 -0.55 23   202003240711  
-156.73 54.54 15 1.33 -0.96 -0.36 2.09 0.29 -0.66 23   202005201713  
-160.41 53.22 12 -1.56 1.48 0.09 0.46 0.11 0.71 24   202007050853  
-169.47 51.95 17 2.82 -3.03 0.21 2.67 -0.47 -2.10 23   202007120420  
-177.40 51.94 15 0.03 0.17 -0.20 0.22 -0.62 -0.87 24   202007150859  
-161.21 54.55 18 -0.17 0.67 -0.50 -0.34 0.27 -0.49 24   202008051617  
-163.76 53.44 17 2.31 -2.02 -0.29 2.34 0.98 -1.33 24   202008130640  
-171.15 51.43 12 2.80 -2.59 -0.21 2.93 1.06 -1.03 24   202008162005  
-169.59 51.90 20 2.69 -2.19 -0.50 2.29 0.35 -0.96 23   202008230149  
-169.77 51.90 15 2.01 -0.59 -1.42 0.23 5.39 -2.06 24   202009270412  
-169.64 51.91 20 -0.44 1.38 -0.94 -0.14 0.46 0.89 23   202009271051  
-169.65 51.83 14 5.74 -4.95 -0.79 4.06 2.16 -2.23 23   202009280244  
-169.66 51.90 20 2.43 -1.97 -0.46 1.21 0.71 -0.58 23   202010100641  
-159.81 54.44 15 0.09 -0.24 0.15 1.57 0.73 0.15 24   202010201232  
-162.63 52.43 18 -4.21 3.44 0.77 -0.93 0.83 1.39 23   202011040327  
-160.10 53.57 20 -0.67 0.54 0.13 -0.07 -0.40 0.54 24   202012160549  
-169.98 52.91 17 -0.91 2.09 -1.19 -0.19 0.03 -1.21 23   202103261441  
-173.27 51.46 20 4.57 -3.90 -0.67 2.97 1.69 -1.88 23   202105220904  
-159.67 53.38 14 -1.81 1.43 0.38 0.22 0.46 0.62 23   202106141041  
-160.35 53.19 12 -0.84 0.86 -0.02 -0.57 0.22 0.66 24   202106181002  
-163.66 53.41 16 3.31 -2.29 -1.02 4.26 0.90 -1.87 23   202109091923  
-156.31 54.95 12 0.35 -0.24 -0.10 0.79 0.54 -0.26 24   202109162305  
-167.83 52.30 17 1.09 -0.89 -0.20 1.14 0.72 -0.49 26   202201111135  
-168.01 52.26 19 4.91 -4.24 -0.67 4.53 2.73 -2.06 25   202201111239  
-155.92 54.35 12 1.53 -1.18 -0.35 1.32 0.78 -0.65 24   202204251631  
-169.16 56.78 12 -1.21 1.28 -0.07 0.46 -0.46 -0.25 24   202207040917  
-174.95 52.34 17 -0.53 0.43 0.10 0.22 0.39 -0.65 24   202207080940  
-168.11 52.14 19 2.79 -1.94 -0.85 2.59 1.27 -1.10 23   202208010408  
-156.07 56.08 15 0.38 -0.40 0.02 5.32 2.17 -0.64 23   202208170200 