-165.23	65.406	1.233	107.75	1
-157.23	66.274	1.3878	125.32	1
-157.23	67.469	1.399	139.98	1
-145.69	69.05	1.8336	155.78	1
-145.15	69.669	1.9507	161.55	1
-144.89	69.567	1.7612	152.43	1
-144.25	69.482	1.6168	170.91	1
-144.23	69.604	1.6691	159.59	1
-145.45	67.19	1.8019	174.17	1
-142.34	66.28	1.7058	8.1781	1
-149.22	66.263	1.8282	163	1
-145.19	65.54	2.1598	178.45	1
-149.13	65.505	1.6469	146.8	1
-148.55	65.144	1.6675	156.37	1
-149.02	65.166	1.8747	173	1
-148.98	64.922	1.491	168.16	1
-149.31	64.638	1.8445	174.17	1
-150.1	64.024	1.8728	154.47	1
-151.12	64.74	1.6993	168.32	1
-152.81	64.961	1.6816	145.78	1
-152.2	63.539	1.7748	132.59	1
-150.87	63.562	2.1591	147.26	1
-151.16	63.477	2.1548	141.99	1
-151.21	63.324	2.1914	148.61	1
-151.39	63.237	2.1421	136.63	1
-151.52	63.096	1.8407	115.54	1
-145.61	62.191	2.306	16.592	1
-135.62	65.784	2.0805	18.769	1
-123.57	59.288	2.2349	45.482	1
-146.05	63.48	1.6487	15.211	1
-147.8	64.77	1.4595	180.08	1
-147.26	64.465	1.7552	10.46	1
-147.43	64.047	2.0754	12.062	1
-145.21	63.32	2.1138	11.114	1
-144.49	63.132	2.2373	25.643	1
-144.14	63.038	2.2709	12.499	1
-143.7	62.891	1.9306	42.684	1
-143.4	62.741	1.7959	18.709	1
-142.7	62.343	2.0777	13.979	1
-143.49	63.128	2.1909	57.222	1
-141.43	62.042	2.1183	12.626	1
-141.01	61.548	2.0365	17.413	1
-148.98	63.737	2.2105	143.77	1
-148.26	63.491	2.259	144.78	1
-147.76	63.547	2.2024	159.11	1
-147.46	63.544	2.1801	159.22	1
-147.2	63.51	2.0915	149.49	1
-146.96	63.518	2.1216	140.79	1
-147.4	63.167	2.1935	155.59	1
-149.63	63.213	2.0749	128.74	1
-149.09	62.772	1.9364	136	1
-151.95	62.446	2.1975	106.76	1
-150.28	62.182	2.1044	108.81	1
-150.46	61.825	1.9669	93.822	1
-148.79	62.216	1.2245	79.974	1
-148.01	62.168	0.8379	73.837	1
-147.61	61.749	1.2443	38.628	1
-149.2	61.818	1.1746	122.26	1
-150.8	60.995	2.1497	93.84	1
-146.57	61.538	0.6428	34.706	1
-147.21	61.334	1.6587	37.475	1
-146.6	61.336	1.2005	21.613	1
-139.55	61.094	1.9435	26.669	1
-146.69	60.977	1.4274	29.402	1
-147.23	60.609	1.4931	12.604	1
-147.18	60.257	1.5614	187.26	1
-151.79	61.398	2.0946	166.33	1
-158.24	61.509	1.88	113.66	1
-156.47	57.407	2.1227	158.27	1
-154.94	58.28	1.422	168.43	1
-153.09	59.333	1.6661	158.45	1
-152.61	60.222	1.7632	149.54	1
-148.56	60.582	1.9175	26.077	1
-144.81	60.446	1.6205	62.945	1
-142.95	60.514	2.4615	159.82	1
-141.56	60.273	2.1344	174.34	1
-141.2	60.109	2.3788	166.66	1
-140.78	60.138	2.1842	173.44	1
-140.4	60.183	2.1193	143.31	1
-139.22	59.888	2.5906	28.951	1
-136.65	59.813	2.0826	59.852	1
-137.55	58.957	2.1772	41.756	1
-136.53	58.915	2.3234	64.702	1
-133.15	53.739	1.9929	34.425	1
-130.89	51.191	1.7511	30.129	1
-129.66	49.242	1.7526	18.566	1
-128.77	48.647	1.66	8.3581	1
-162.65	53.904	2.4248	156.28	1
-170.99	59.667	0.85177	108.54	1
-166.65	52.733	2.6586	151.76	1
-168.3	52.259	2.5413	153.03	1
-169.82	51.995	2.5668	150.04	1
-173.45	51.572	2.4263	158.95	1
-174.7	51.474	2.3815	161.18	1
-176.35	51.288	2.227	160.52	1
-178.81	51.174	2.2196	165.33	1
-171.24	52.598	1.1208	136.62	1
-178.5	51.745	1.1032	143.82	1
