-165.37	65.488	1.1941	103.94	1
-157.23	66.274	1.388	117.26	1
-157.5	67.469	1.3759	131.77	1
-145.69	69.05	1.8577	148.17	1
-145.14	69.67	1.9557	152.34	1
-144.89	69.567	1.762	144.39	1
-144.25	69.482	1.6226	158.61	1
-144.23	69.604	1.6698	150.45	1
-145.45	67.19	1.7799	161.88	1
-142.34	66.28	1.7049	-0.30624	1
-149.22	66.263	1.8238	157	1
-145.21	65.539	2.1451	157.91	1
-149.13	65.505	1.6572	140.24	1
-148.55	65.144	1.694	149.85	1
-149.02	65.166	1.8703	160.71	1
-148.98	64.922	1.4984	159.34	1
-149.31	64.638	1.8466	161.38	1
-150.1	64.024	1.8768	147.3	1
-151.12	64.74	1.6871	159.67	1
-152.81	64.961	1.6942	137.71	1
-152.2	63.539	1.7741	123.51	1
-150.87	63.562	2.1595	139.66	1
-151.16	63.477	2.1403	133.82	1
-151.21	63.324	2.1842	141.43	1
-151.39	63.237	2.1439	129.66	1
-151.52	63.096	1.8391	110.09	1
-145.61	62.191	2.3534	1.9563	1
-135.62	65.784	2.0682	11.858	1
-123.57	59.288	2.2339	38.786	1
-146.05	63.48	1.621	1.6783	1
-147.8	64.77	1.493	171.07	1
-147.26	64.465	1.7492	1.2013	1
-147.43	64.047	2.1158	4.1256	1
-145.21	63.32	2.1113	7.0149	1
-144.49	63.132	2.2417	15.729	1
-144.14	63.038	2.2527	-1.0069	1
-143.7	62.891	1.9475	34.191	1
-143.4	62.741	1.7782	6.2336	1
-142.7	62.343	2.0932	6.015	1
-143.49	63.128	2.2039	46.727	1
-141.43	62.042	2.1237	-0.17604	1
-141.01	61.548	2.0537	11.269	1
-148.98	63.737	2.2036	130.69	1
-148.26	63.491	2.2558	138	1
-147.76	63.547	2.1936	148.09	1
-147.46	63.544	2.1765	150.75	1
-147.2	63.51	2.0941	143.65	1
-146.96	63.518	2.1054	121.2	1
-147.4	63.167	2.1984	146.34	1
-149.63	63.213	1.9947	121.38	1
-149.09	62.772	1.9333	127.96	1
-151.95	62.446	2.2527	88.051	1
-150.28	62.182	2.0935	100.34	1
-150.46	61.825	1.958	82.762	1
-148.79	62.216	1.4063	63.344	1
-148.01	62.168	0.85392	50.157	1
-147.61	61.749	1.1927	31.568	1
-149.2	61.818	1.2032	106.55	1
-150.8	60.995	2.1614	64.096	1
-146.57	61.538	0.67153	25.171	1
-147.21	61.334	1.6336	24.157	1
-146.6	61.336	1.1786	12.371	1
-139.54	61.088	1.9552	13.186	1
-146.69	60.977	1.3763	13.22	1
-147.23	60.609	1.4784	1.2213	1
-147.18	60.257	1.5822	167.24	1
-151.81	61.413	2.0038	148.99	1
-158.24	61.509	1.8784	96.956	1
-156.47	57.407	2.1567	147.65	1
-154.94	58.28	1.4111	153.79	1
-153.09	59.333	1.6448	153.51	1
-152.61	60.222	1.7638	138.37	1
-148.56	60.582	1.885	9.0815	1
-144.81	60.446	1.6308	36.507	1
-142.95	60.514	2.4433	140.88	1
-141.56	60.273	2.1293	160.67	1
-141.2	60.109	2.3791	153.45	1
-140.78	60.138	2.1762	164.31	1
-140.4	60.193	2.1127	132.67	1
-139.2	59.896	2.4893	-4.3067	1
-136.65	59.813	2.0773	54.296	1
-137.55	58.957	2.1721	30.169	1
-136.53	58.915	2.3203	42.75	1
-133.15	53.739	2.0313	21.773	1
-130.89	51.191	1.7328	23.125	1
-129.66	49.242	1.7797	7.5458	1
-128.77	48.647	1.6485	0.28026	1
-162.65	53.904	2.4295	143.13	1
-170.99	59.667	0.85085	97.398	1
-166.65	52.733	2.6436	138.51	1
-168.3	52.259	2.5349	144.44	1
-169.82	51.995	2.5804	130.39	1
-173.45	51.572	2.3973	153.67	1
-174.7	51.474	2.3772	152.27	1
-176.35	51.288	2.2521	150.31	1
-178.81	51.174	2.2071	153.52	1
-171.24	52.598	1.1369	124.85	1
-178.5	51.745	1.1199	132.54	1
