-165.37	65.488	1.0869	108.34	1
-157.23	66.274	1.2786	125.54	1
-157.5	67.469	1.2435	137.26	1
-145.69	69.05	1.7332	155.4	1
-145.14	69.67	1.8297	161.19	1
-144.89	69.567	1.6326	152.99	1
-144.25	69.482	1.5021	170.13	1
-144.23	69.604	1.5557	158.41	1
-145.45	67.19	1.6392	175.74	1
-142.34	66.28	1.5977	9.37	1
-149.22	66.263	1.7449	164.06	1
-145.21	65.539	1.7953	178.69	1
-149.13	65.505	1.5123	145.96	1
-148.55	65.144	1.5661	156.56	1
-149.02	65.166	1.7328	173.5	1
-148.98	64.922	1.3297	167.4	1
-149.31	64.638	1.6594	173.86	1
-150.1	64.024	1.7585	153.91	1
-151.12	64.74	1.5677	168.57	1
-152.81	64.961	1.5455	145.1	1
-152.2	63.539	1.6437	132.92	1
-150.87	63.562	2.0779	147.66	1
-151.16	63.477	2.0564	142.21	1
-151.21	63.324	2.074	149.33	1
-151.39	63.237	2.0721	136.17	1
-151.52	63.096	1.7744	116.5	1
-145.61	62.191	2.1927	15.755	1
-135.62	65.784	1.8899	18.619	1
-123.57	59.288	2.1777	45.945	1
-146.05	63.48	1.3825	16.908	1
-147.8	64.77	1.3073	179.49	1
-147.26	64.465	1.628	10.242	1
-147.43	64.047	1.8902	12.026	1
-145.21	63.32	2.0705	11.44	1
-144.49	63.132	1.7672	24.316	1
-144.14	63.038	2.1366	11.28	1
-143.7	62.891	1.8276	42.071	1
-143.4	62.741	1.5872	19.521	1
-142.7	62.343	1.8991	14.258	1
-143.49	63.128	2.0541	57.711	1
-141.43	62.042	1.859	11.874	1
-141.01	61.548	1.8962	16.648	1
-148.98	63.737	2.0871	143.9	1
-148.26	63.491	2.1692	145.98	1
-147.76	63.547	2.1174	157.81	1
-147.46	63.544	2.1071	160.3	1
-147.2	63.51	1.9042	149.95	1
-146.96	63.518	1.8321	140.42	1
-147.4	63.167	2.0557	156.28	1
-149.63	63.213	1.7936	129.4	1
-149.09	62.772	1.7782	137.26	1
-151.95	62.446	2.0979	106.96	1
-150.28	62.182	1.8826	110.13	1
-150.46	61.825	1.7861	93.724	1
-148.79	62.216	0.49818	78.929	1
-148.01	62.168	0.48468	71.405	1
-147.61	61.749	0.67893	38.853	1
-149.2	61.818	0.73882	121.87	1
-150.8	60.995	1.8062	91.703	1
-146.57	61.538	0.51434	35.385	1
-147.21	61.334	1.4585	38.217	1
-146.6	61.336	0.78878	21.291	1
-139.54	61.088	1.8678	26.315	1
-146.69	60.977	0.55179	30.619	1
-147.23	60.609	1.3049	12.669	1
-147.18	60.257	1.2523	183.52	1
-151.81	61.413	1.7456	166.91	1
-158.24	61.509	1.6919	112.15	1
-156.47	57.407	1.8425	159.85	1
-154.94	58.28	1.1314	167.79	1
-153.09	59.333	1.5356	158.55	1
-152.61	60.222	1.5636	149.43	1
-148.56	60.582	1.6771	25.892	1
-144.81	60.446	1.2746	61.445	1
-142.95	60.514	2.3046	159.79	1
-141.56	60.273	2.0386	175.46	1
-141.2	60.109	2.2355	168.37	1
-140.78	60.138	2.042	174.16	1
-140.4	60.193	1.7447	147.74	1
-139.2	59.896	2.2538	25.054	1
-136.65	59.813	1.9252	60.025	1
-137.55	58.957	2.105	40.902	1
-136.53	58.915	2.1871	60.519	1
-133.15	53.739	1.799	34.026	1
-130.89	51.191	1.6531	30.645	1
-129.66	49.242	1.6331	18.722	1
-128.77	48.647	1.3835	7.9443	1
-162.65	53.904	2.2126	158.45	1
-170.99	59.667	0.66587	109.87	1
-166.65	52.733	2.4044	155.13	1
-168.3	52.259	2.3394	152.01	1
-169.82	51.995	2.4268	150.29	1
-173.45	51.572	2.265	158.92	1
-174.7	51.474	2.2386	163.04	1
-176.35	51.288	1.9374	162.11	1
-178.81	51.174	2.0951	164.3	1
-171.24	52.598	0.71938	135.72	1
-178.5	51.745	0.73284	143.1	1
