-165.23	65.406	1.1815	105.6	0.6
-157.23	66.274	1.33	121.9	0.6
-157.23	67.469	1.3429	137.33	0.6
-145.69	69.05	1.7843	152.14	0.6
-145.15	69.669	1.9008	158.04	0.6
-144.89	69.567	1.6857	148.83	0.6
-144.25	69.482	1.553	165.91	0.6
-144.23	69.604	1.6106	153.9	0.6
-145.45	67.19	1.7248	169.3	0.6
-142.34	66.28	1.6425	3.7077	0.6
-149.22	66.263	1.782	160.04	0.6
-145.19	65.54	1.9346	170.27	0.6
-149.13	65.505	1.5702	143.98	0.6
-148.55	65.144	1.62	153.21	0.6
-149.02	65.166	1.8081	169	0.6
-148.98	64.922	1.4009	163.19	0.6
-149.31	64.638	1.7705	168.28	0.6
-150.1	64.024	1.8202	150.23	0.6
-151.12	64.74	1.6204	164.4	0.6
-152.81	64.961	1.6244	141.89	0.6
-152.2	63.539	1.6957	128.01	0.6
-150.87	63.562	2.1083	143.08	0.6
-151.16	63.477	2.0925	136.82	0.6
-151.21	63.324	2.1001	145.04	0.6
-151.39	63.237	2.1109	132.47	0.6
-151.52	63.096	1.8071	112.92	0.6
-145.61	62.191	2.1761	10.851	0.6
-135.62	65.784	1.9915	15.86	0.6
-123.57	59.288	2.1994	42.137	0.6
-146.05	63.48	1.5282	10.201	0.6
-147.8	64.77	1.378	175.12	0.6
-147.26	64.465	1.6829	5.4523	0.6
-147.43	64.047	1.9637	7.4407	0.6
-145.21	63.32	2.0947	9.6276	0.6
-144.49	63.132	2.037	20.254	0.6
-144.14	63.038	2.2091	5.6794	0.6
-143.7	62.891	1.8946	39.231	0.6
-143.4	62.741	1.6822	13.116	0.6
-142.7	62.343	1.9743	10.679	0.6
-143.49	63.128	2.1034	51.372	0.6
-141.43	62.042	1.9825	6.0445	0.6
-141.01	61.548	1.9538	13.609	0.6
-148.98	63.737	2.1436	135.42	0.6
-148.26	63.491	2.2132	141.45	0.6
-147.76	63.547	2.1592	154.12	0.6
-147.46	63.544	2.1433	154.9	0.6
-147.2	63.51	1.986	146.55	0.6
-146.96	63.518	1.967	130.96	0.6
-147.4	63.167	2.1297	150.33	0.6
-149.63	63.213	1.9013	124.53	0.6
-149.09	62.772	1.8779	131.85	0.6
-151.95	62.446	2.1115	97.374	0.6
-150.28	62.182	2.0041	103.83	0.6
-150.46	61.825	1.8923	87.985	0.6
-148.79	62.216	0.74304	71.971	0.6
-148.01	62.168	0.64288	61.285	0.6
-147.61	61.749	0.90106	34.811	0.6
-149.2	61.818	0.94919	115.57	0.6
-150.8	60.995	1.9985	79.679	0.6
-146.57	61.538	0.57231	30.322	0.6
-147.21	61.334	1.5498	31.503	0.6
-146.6	61.336	0.98169	17.183	0.6
-139.55	61.094	1.9123	20.722	0.6
-146.69	60.977	1.0824	20.124	0.6
-147.23	60.609	1.3958	8.2325	0.6
-147.18	60.257	1.3594	174.47	0.6
-151.79	61.398	1.8958	159.29	0.6
-158.24	61.509	1.7979	105.66	0.6
-156.47	57.407	1.9482	152.26	0.6
-154.94	58.28	1.242	161.5	0.6
-153.09	59.333	1.5955	156.15	0.6
-152.61	60.222	1.6759	143.92	0.6
-148.56	60.582	1.8063	18.656	0.6
-144.81	60.446	1.476	47.426	0.6
-142.95	60.514	2.3654	151	0.6
-141.56	60.273	2.0926	169.55	0.6
-141.2	60.109	2.309	159.63	0.6
-140.78	60.138	2.1132	169.3	0.6
-140.4	60.183	1.9296	137.97	0.6
-139.22	59.888	2.4656	8.1425	0.6
-136.65	59.813	2.0128	57.108	0.6
-137.55	58.957	2.1372	36.233	0.6
-136.53	58.915	2.2559	51.745	0.6
-133.15	53.739	1.8964	26.888	0.6
-130.89	51.191	1.6966	26.453	0.6
-129.66	49.242	1.6918	15.049	0.6
-128.77	48.647	1.5	4.7381	0.6
-162.65	53.904	2.3129	149.48	0.6
-170.99	59.667	0.78298	102.53	0.6
-166.65	52.733	2.543	147.11	0.6
-168.3	52.259	2.4446	148.63	0.6
-169.82	51.995	2.493	141.58	0.6
-173.45	51.572	2.3427	156.17	0.6
-174.7	51.474	2.3071	156.79	0.6
-176.35	51.288	2.1039	155.81	0.6
-178.81	51.174	2.1546	159.12	0.6
-171.24	52.598	0.86813	129.35	0.6
-178.5	51.745	0.88435	137.78	0.6
