-165.23	65.406	1.1274	102.68	1
-157.23	66.274	1.2781	118.23	1
-157.23	67.469	1.2927	134.63	1
-145.69	69.05	1.731	148.57	1
-145.15	69.669	1.8255	153.01	1
-144.89	69.567	1.6268	144.33	1
-144.25	69.482	1.4781	160.05	1
-144.23	69.604	1.5577	150.59	1
-145.45	67.19	1.6635	162.45	1
-142.34	66.28	1.5863	-0.71314	1
-149.22	66.263	1.7387	157.22	1
-145.19	65.54	1.7864	157.98	1
-149.13	65.505	1.4938	140.38	1
-148.55	65.144	1.5723	149.89	1
-149.02	65.166	1.7272	160.44	1
-148.98	64.922	1.3019	159.32	1
-149.31	64.638	1.6714	160.91	1
-150.1	64.024	1.7634	147.31	1
-151.12	64.74	1.5567	160.35	1
-152.81	64.961	1.5495	137.89	1
-152.2	63.539	1.6257	122.93	1
-150.87	63.562	2.0717	138.43	1
-151.16	63.477	2.0354	132.5	1
-151.21	63.324	2.0556	141.25	1
-151.39	63.237	2.0768	129.47	1
-151.52	63.096	1.778	109.66	1
-145.61	62.191	2.1267	1.6979	1
-135.62	65.784	1.8996	11.31	1
-123.57	59.288	2.1671	38.167	1
-146.05	63.48	1.3889	4.3394	1
-147.8	64.77	1.294	170.32	1
-147.26	64.465	1.617	2.4166	1
-147.43	64.047	1.8802	3.3391	1
-145.21	63.32	2.073	7.2038	1
-144.49	63.132	1.7819	14.532	1
-144.14	63.038	2.1416	-1.7733	1
-143.7	62.891	1.8428	34.311	1
-143.4	62.741	1.5795	6.3406	1
-142.7	62.343	1.8757	5.2513	1
-143.49	63.128	2.0382	46.424	1
-141.43	62.042	1.8675	-0.18374	1
-141.01	61.548	1.8968	10.657	1
-148.98	63.737	2.0763	132.09	1
-148.26	63.491	2.1699	137.99	1
-147.76	63.547	2.1113	150.23	1
-147.46	63.544	2.1108	150.84	1
-147.2	63.51	1.8957	144.05	1
-146.96	63.518	1.8534	121.01	1
-147.4	63.167	2.0731	146.42	1
-149.63	63.213	1.8087	120.61	1
-149.09	62.772	1.7923	128.21	1
-151.95	62.446	2.0233	89.452	1
-150.28	62.182	1.8753	99.589	1
-150.46	61.825	1.8098	82.359	1
-148.79	62.216	0.47793	58.934	1
-148.01	62.168	0.42934	51.33	1
-147.61	61.749	0.69585	30.68	1
-149.2	61.818	0.75552	109.13	1
-150.8	60.995	1.8108	62.894	1
-146.57	61.538	0.51211	25.942	1
-147.21	61.334	1.4566	24.83	1
-146.6	61.336	0.77535	12.939	1
-139.55	61.094	1.8627	15.049	1
-146.69	60.977	0.62044	13.56	1
-147.23	60.609	1.3301	2.9609	1
-147.18	60.257	1.1949	166.5	1
-151.79	61.398	1.7787	151.28	1
-158.24	61.509	1.6945	96.315	1
-156.47	57.407	1.8188	144.83	1
-154.94	58.28	1.1343	153.62	1
-153.09	59.333	1.5286	152.9	1
-152.61	60.222	1.5655	137.12	1
-148.56	60.582	1.6719	10.445	1
-144.81	60.446	1.3188	34.399	1
-142.95	60.514	2.295	138.79	1
-141.56	60.273	2.0571	162.31	1
-141.2	60.109	2.2277	152.29	1
-140.78	60.138	2.0685	163.68	1
-140.4	60.183	1.7853	133.4	1
-139.22	59.888	2.3393	-15.613	1
-136.65	59.813	1.9272	54.408	1
-137.55	58.957	2.1017	30.278	1
-136.53	58.915	2.1796	43.163	1
-133.15	53.739	1.8172	18.645	1
-130.89	51.191	1.6439	23.055	1
-129.66	49.242	1.635	8.1616	1
-128.77	48.647	1.3943	0.51582	1
-162.65	53.904	2.2005	143.38	1
-170.99	59.667	0.67658	97.663	1
-166.65	52.733	2.4465	138.23	1
-168.3	52.259	2.3457	144.01	1
-169.82	51.995	2.4106	129.59	1
-173.45	51.572	2.2751	153.48	1
-174.7	51.474	2.2479	153.13	1
-176.35	51.288	1.979	151.74	1
-178.81	51.174	2.0974	151.94	1
-171.24	52.598	0.71071	125.09	1
-178.5	51.745	0.73663	132.31	1
