>>
-170	64
-170	66.5
-160	66.5
-160	64
-170	64
>>
-160	66.5
-160	64
-156.5	64
-156.5	66.5
-160	66.5
>>
-156	66.5
-156	66.25
-150.5	66.25
-150.5	67
-148	67
-148	70
-170	70
-170	66.5
-156	66.5
>>
-148	68
-148	69.4
-143	69.4
-143	68
-148	68

>>
-148	69.601
-144.4	69.601
-144.4	70
-148	70
-148	69.01
>>
-148	69.4
-144.49	69.4
-144.49	69.601
-148	69.601
-148	69.4
>>
-144.49	69.4
-144.49	69.52
-144	69.52
-144	69.4
-144.49	69.4
>>
-144	69.52
-144.4	69.52
-144.4	70
-144	70
-144	69.52
>>
-148	68
-148	67
-147	67
-147	66.5
-146	66.5
-146	66.75
-140	66.75
-140	68
-148	68
>>
-146	66
-146	66.75
-140	66.75
-140	66
-146	66
>>
-150.5	67
-150.5	66.25
-152.5	66.25
-152.5	65.75
-150	65.75
-150	66
-146	66
-146	66.5
-147	66.5
-147	67
-150.5	67
>>
-147.6	66
-147.6	65
-140	65
-140	66
-147.6	66
>>
-147.6	66
-147.6	65.3
-149.5	65.3
-149.5	65
-150.5	65
-150.5	65.75
-150	65.75
-150	66
-147.6	66
>>
-148.7	65.3
-148.7	65
-147.6	65
-147.6	65.3
-148.7	65.3
>>
-148.7	65.3
-148.7	65
-149.5	65
-149.5	65.3
-148.7	65.3
>>
-148.5	65
-149.5	65
-149.5	64.8
-148.5	64.8
-148.5	65
>>
-149.4	64.8
-148.8	64.8
-149.6	64.3
-150	64.3
-149.4	64.8
>>
-149.6	64.3
-150.2	64.3
-151	63.64
-149.8	63.64
-149.6	64.3
>>
-152.5	65
-150.5	65
-149.5	65
-149.5	64.8
-149.4	64.8
-149.75	64.5
-152.45	64.5
-152.5	65
>>
-149.75	64.5
-152.45	64.5
-152.5	65
-150.5	65
-150.5	65.75
-152.5	65.75
-152.5	66.25
-156.5	66.25
-156.5	64
-154	64
-154.2	63.55
-152.5	63.55
-152.4	64.5
>>
-149.75	64.5
-152.4	64.5
-152.5	63.55
-154.3	63.55
-155	62.5
-153	62.5
-151.8	63
-151.6	63.64
-151	63.64
-150.2	64.3
-150	64.3
-149.75	64.5
>>
-150.66	63.64
-151.66	63.64
-151	63.5
-150.6	63.5
-150.6	63.64
>>
-151.6	63.64
-151	63.5
-150.66	63.5
-150.66	63.4
-151.2	63.4
-151.62	63.5
-151.6	63.64
>>
-150.6	63.4
-151.2	63.4
-151.63	63.5
-151.7	63.4
-151	63.2
-150.8	63.2
-150.8	63.4
>>
-151.68	63.4
-151.72	63.25
-151.1	63
-150.8	63
-150.8	63.2
-151	63.2
-151.68	63.4
>>
-151.72	63.25
-151.8	63
-151	63
-151.72	63.25
>>
-146	62
-146	62.4
-145	62.4
-145	62
-146	62
>>
-140	70
-140	65
-142	65
-142	64
-132	64
-132	70
-140	70
>>
-135.5	55.9
-135.5	60
-137	61.5
-140	62.5
-140	64
-132	64
-132	70
-110	70
-110	51
-130	51
-130	55.9
-135.5	55.9
>>
-146.5	63.4
-145.8	63.4
-145.8	63.7
-146.5	63.7
-146.5	63.4
>>
-148.5	65
-148.5	64.8
-148.75	64.8
-149.1	64.6
-146	64.6
-146	65
-148.5	65
>>
-149.1	64.6
-146	64.6
-146	64.3
-149.6	64.3
-149.1	64.6
>>
-149.6	64.3
-149.7	64.1
-147.75	64.1
-147.75	63.7
-145.5	63.7
-145.5	64.3
-149.6	64.3
>>
-145.8	63.7
-144.5	63.7
-145	63
-145.8	63
-145.8	63.7
>>
-145	63
-144.5	63
-144.15	63.2
-144.8	63.3
-145	63
>>
-144.5	63
-144.15	63.2
-143.75	63
-144	62.9
-144.5	63
>>
-143.75	63
-144	62.9
-144	62.7
-143.7	62.7
-143.5	63
-143.75	63
>>
-143.5	63
-143	62.8
-143	62.4
-143.7	62.7
-143.5	63
>>
-143	62.8
-143	61.5
-142	61.5
-142	62.8
-143	62.8
>>
-143.8	63.03
-143.75	63
-143.5	63
-143	62.8
-143	63.4
-143.8	63.4
-143.8	63.03
>>
-142	61.65
-142	63
-140	63
-140	61.65
-142	61.65
>>
-140	61.65
-142	61.65
-142	61.4
-140	61.4
-140	61.65
>>
-149.8	63.64
-150.6	63.64
-150.65	63.45
-149	63.45
-147.75	63.7
-147.75	64.1
-149.66	64.1
-149.8	63.64
>>
-147.75	63.7
-148.1	63.4
-149	63.4
-149	63.45
-147.75	63.7
>>
-147.75	63.7
-148.1	63.4
-147.8	63.4
-147.45	63.7
-147.75	63.7
>>
-147.45	63.7
-147.8	63.4
-147.5	63.4
-147.15	63.7
-147.45	63.7
>>
-147.15	63.7
-147.5	63.4
-147.2	63.4
-146.85	63.7
-147.15	63.7
>>
-146.85	63.7
-147.2	63.4
-146.5	63.4
-146.5	63.7
-146.85	63.7
>>
-148.39	62.43
-146.5	62.43
-146.5	63.4
-148.2	63.4
-148.39	62.43
>>
-148.2	63.4
-148.2	62.935
-150.8	62.935
-150.8	63.4
-150.6	63.4
-150.6	63.45
-149	63.45
-149	63.4
-148.2	63.4
>>
-148.2	62.935
-150.8	62.935
-150.8	62.55
-148.2	62.55
-148.2	62.935
>>
-150.8	63
-150.8	62
-151	62
-151	61.8
-153.25	61.8
-153.25	62.4
-151.8	63
-150.8	63
>>
-150.8	62.55
-150.8	62
-149.5	62
-149.5	62.55
-150.8	62.55
>>
-151	62
-149.75	62
-149.75	61.5
-151	61.5
-151	62
>>
-149.5	62
-149.5	62.55
-148.39	62.55
-148.39	62
-149.5	62
>>
-147.25	62
-147.25	62.45
-148.39	62.45
-148.39	62
-147.25	62
>>
-148.25	62
-148.39	62
-148.39	62.06
-146.5	62.06
-146.5	61.7
-146.9	61.7
-147.75	61.4
-148.1	61.4
-148.1	61.5
-148	61.5
-148.25	62
>>
-150.35	61.9
-149.75	61.66
-148	61.66
-148.25	62
-149.75	62
-150.35	61.91
-150.35	61.9
>>
-151	61.5
-151.4	60.8
-150	60.8
-150	61.5
-151	61.5
>>
-146.9	61.7
-147.66	61.43
-146.8	61.43
-146.8	61.43
-145.5	61.43
-145.5	61.7
-146.9	61.7
>>
-147.66	61.43
-147.75	61.4
-147.75	61.18
-146.85	61.18
-146.85	61.43
-147.66	61.43
>>
-146.85	61.43
-146.85	61.18
-145.5	61.18
-145.5	61.43
-146.85	61.43
>>
-142	61.4
-137	61.4
-137	60.655
-142	60.655
-142	61.4
>>
-147.75	61.18
-145.5	61.18
-145.5	60.8
-147.75	60.8
-147.75	61.18
>>
-147.75	60.8
-145.5	60.8
-145.5	60.4
-147.75	60.4
-147.75	60.8
>>
-147.8	59.5
-145.5	59.5
-145.5	60.4
-147.8	60.4
-147.8	59.5
>>
-153.25	61.8
-153.25	60.6
-151.4	60.8
-151	61.5
-151	61.8
-153.25	61.8
>>
-170	64
-165 64
-160 54
-155 64
-154	64
-155	62.5
-153	62.5
-153.25	62.4
-153.25	60.25
-158	58
-166	59
-170	59
-170	64
>>
-159.2	57
-159.2	56
-152	56
-152	57.3
-157.3	58.3
-159.2	57
>>
-152	57.3
-157.3	58.3
-155.66	59.1
-152	58
-152	57.3
>>
-155.66	59.1
-153	58.4
-153	59
-150	59
-150	59.7
-154.3	59.7
-155.66	59.1
>>
-152	59.7
-154.3	59.7
-153.25	60.25
-153.25	60.6
-152.4	60.8
-150	60.8
-150	59.7
-152	59.7
>>
-147.75	61.4
-148.1	61.4
-148.1	61.5
-148	61.5
-150	61.5
-150	59
-147.75	59
-147.75	61.4
>>
-145.5	61.5
-145.5	59.5
-143.85	59.5
-143.85	61.5
-145.5	61.5
>>
-143.5	61.5
-143.5	60
-142	60
-142	61.5
-143.5	61.5
>>
-142	60.655
-142	59.93
-141.43	59.93
-141.43	60.33
-141.2	60.33
-141.2	60.655
-142	60.655
>>
-141.43	59.7
-141.43	60.33
-141.2	60.33
-141.2	60.655
-141	60.655
-141	59.7
-141.43	59.7
>>
-141	59.7
-141	60.655
-140.7	60.655
-140.6	60.1
-140.6	59.7
-141	59.7
>>
-140.7	60.655
-140.6	60.1
-140.6	59.7
-140	59.7
-140	60.655
-140.7	60.655
>>
-138.5	60.655
-138.5	59
-140	59
-140	60.655
-138.5	60.655
>>
-136.8	60
-136.8	59.6
-136	59.6
-136	60
-136.8	60
>>
-138.5	60.655
-138.5	58
-137	58
-137	60.655
-138.5	60.655
>>
-137	55.9
-135.5	55.9
-135.5	59.6
-137	59.6
-137	55.9
>>
-137	57.5
-130	55.9
-130	51.6
-137	51.6
-137	57.5
>>
-137	50.95
-130.1	50.95
-130.1	51.6
-137	51.6
-137	50.95
>>
-130.1	48.5
-130.1	51.6
-129.15	51.6
-129.15	48
-130.1	48.5
>>
-128	47
-128	51.6
-129.15	51.6
-129.15	47
-128	47
>>
-164	56
-164	53
-159	53
-159	56
-164	56
>>
-179.99	56
-179.99	68
-170	68
-170	64
-164	56
-164	54
-166	54
-166	56
-179.99	56
>>
-164	54
-166	54
-167	53
-167.5	53
-167.5	52
-164	52
-164	54
>>
-167.5	53.1
-167.5	52
-169	52
-169	53.1
-167.5	53.1
>>
-172	51.5
-172	52.5
-169	52.5
-169	51.5
-172	51.5
>>
-172	51
-172	52.25
-174	52.25
-174	51
-172	51
>>
-175.3	51
-175.3	52.25
-174	52.25
-174	51
-175.3	51
>>
-175.3	50.75
-175.3	52
-177.5	52
-177.5	50.75
-175.3	50.75
>>
-179.99	50.5
-179.99	51.5
-177.5	51.5
-177.5	50.5
-179.99	50.5
>>
-169	52.5
-172	52.5
-172	52.25
-175.5	52.25
-175.5	54
-169	54
-169	52.5
>>
-179.99	51.5
-179.99	52.5
-177.5	52.5
-177.5	51.5
-179.99	51.5
