-147.18	63.215	58.814
-165.23	65.406	14.454
-157.23	66.274	19.592
-157.23	67.469	34.088
-145.69	69.05	18.655
-145.15	69.669	19.072
-144.89	69.567	16.224
-144.25	69.482	17.748
-144.23	69.604	12.399
-145.45	67.19	23.28
-142.34	66.28	22.28
-149.22	66.263	19.985
-145.19	65.54	25.941
-149.13	65.505	15.847
-148.55	65.144	22.145
-149.02	65.166	8.1947
-148.98	64.922	26.437
-149.31	64.638	24.384
-150.1	64.024	13.6
-151.12	64.74	18.807
-152.81	64.961	27.214
-152.2	63.539	32.827
-150.87	63.562	22.416
-151.16	63.477	26.253
-151.21	63.324	33.82
-151.39	63.237	25.042
-151.52	63.096	15.611
-145.61	62.191	40.622
-135.62	65.784	19.907
-123.57	59.288	19.293
-146.05	63.48	47.422
-147.8	64.77	28.429
-147.26	64.465	22.02
-147.43	64.047	21.53
-145.21	63.32	30.269
-144.49	63.132	38.128
-144.14	63.038	24.986
-143.7	62.891	26.628
-143.4	62.741	48.975
-142.7	62.343	33.506
-143.49	63.128	27.816
-141.43	62.042	28.019
-141.01	61.548	15.215
-148.98	63.737	30.741
-148.26	63.491	27.143
-147.76	63.547	33.773
-147.46	63.544	40.778
-147.2	63.51	24.632
-146.96	63.518	63.258
-147.4	63.167	26.684
-149.63	63.213	30.846
-149.09	62.772	22.614
-151.95	62.446	40.866
-150.28	62.182	20.789
-150.46	61.825	27.71
-148.79	62.216	59.325
-148.01	62.168	56.378
-147.61	61.749	36.45
-149.2	61.818	43.251
-150.8	60.995	33.38
-146.57	61.538	44.624
-147.21	61.334	30.646
-146.6	61.336	36.085
-139.55	61.094	20.141
-146.69	60.977	43.797
-147.23	60.609	24.198
-147.18	60.257	39.424
-151.79	61.398	48.839
-158.24	61.509	36.604
-156.47	57.407	33.25
-154.94	58.28	36.128
-153.09	59.333	14.346
-152.61	60.222	48.547
-148.56	60.582	49.221
-144.81	60.446	34.95
-142.95	60.514	51.051
-141.56	60.273	47.407
-141.2	60.109	33.411
-140.78	60.138	28.183
-140.4	60.183	34.517
-139.22	59.888	60.91
-136.65	59.813	13.929
-137.55	58.957	23.896
-136.53	58.915	26.574
-133.15	53.739	18.689
-130.89	51.191	8.0112
-129.66	49.242	11.236
-128.77	48.647	7.2296
-162.65	53.904	14.26
-170.99	59.667	28.697
-166.65	52.733	8.184
-168.3	52.259	4.8827
-169.82	51.995	11.555
-173.45	51.572	3.1758
-174.7	51.474	4.8704
-176.35	51.288	8.5581
-178.81	51.174	7.2249
-171.24	52.598	24.783
-178.5	51.745	22.754
