87.57 26.29 179 34 -82 350 57 -95 3.840 23 061979B        
73.58 17.31 139 29 -111 342 63 -79 4.160 23 092080A        
89.05 27.42 209 51 -2 301 89 -141 2.980 25 111980A        
85.74 8.48 340 73 -177 249 87 -17 1.840 24 041281A        
85.84 18.01 325 51 131 91 54 51 7.600 23 040882A        
87.43 18.40 60 58 1 330 89 148 1.840 24 070185A        
86.64 26.52 230 23 2 137 89 113 2.310 26 082088D        
85.73 27.39 309 30 109 106 62 79 7.540 23 102988A        
89.88 22.13 354 67 164 90 75 24 5.800 24 061289A        
70.70 26.47 56 43 46 289 61 123 1.370 24 110891C        
86.67 9.45 296 48 136 59 59 51 3.510 24 011192A        
67.49 26.90 15 44 75 216 48 104 1.490 24 012192E        
67.36 26.75 3 33 91 182 57 89 3.000 23 032892D        
67.42 26.59 173 33 32 56 73 119 6.300 23 122892E        
76.55 18.11 134 47 112 284 47 68 2.210 25 092993K        
73.72 17.41 44 45 -49 173 58 -123 5.520 23 120893B        
80.22 23.06 283 26 129 61 70 73 5.830 24 052197H        
73.93 17.45 352 23 -95 176 67 -88 4.050 23 031200C        
73.93 17.26 354 21 -94 178 69 -89 7.480 23 090500A        
70.24 23.63 298 39 136 66 64 60 3.430 27 012601A        
70.61 23.61 286 43 111 79 51 72 5.220 24 012801A        
70.48 23.74 281 24 158 32 81 67 12.840 23 012801B        
70.07 23.72 254 42 78 90 49 101 1.450 24 021901A        
80.19 12.17 281 35 135 50 66 64 6.650 23 092501C        
70.43 23.69 221 24 68 65 68 100 3.408 23 080503B        
73.79 17.10 334 40 -118 189 55 -68 2.684 23 200503140943A  
86.70 26.94 279 30 91 98 60 90 1.618 23 200602030157A  
88.64 27.22 287 27 126 68 68 73 1.117 24 200602140055A  
70.77 23.72 224 76 0 134 90 166 1.880 24 200603071820A  
70.64 23.68 245 31 48 111 67 112 3.520 23 200604061202A  
70.35 23.25 238 67 8 145 83 157 2.494 24 200604061759A  
70.26 23.36 288 35 118 75 60 72 1.902 23 200606230534A  
88.56 27.23 204 58 -4 296 86 -148 2.471 23 200705201418A  
70.49 21.04 324 65 172 58 83 25 5.544 23 200711060938A  
67.42 25.84 214 45 106 12 47 75 4.628 23 200903172314A  
70.64 26.99 153 60 179 243 89 30 6.225 23 200904090146A  
73.74 17.10 181 47 -67 329 48 -113 1.708 23 200911141303A  
73.74 17.02 163 43 -79 328 48 -100 2.274 23 200912121151A  
88.35 27.44 216 72 -12 310 79 -162 2.779 26 201109181240A  
70.44 20.98 330 62 -172 236 83 -29 5.655 23 201110201718A  
70.24 23.52 103 64 -179 13 89 -26 6.277 23 201206192014A  
88.79 27.17 304 37 123 85 59 67 2.857 23 201310030612A  
67.62 27.48 201 39 133 331 63 61 1.375 24 201312191928A  
68.39 26.20 122 42 69 329 52 108 3.970 23 201405082251A  
86.56 27.46 248 26 44 117 72 110 3.428 23 201412181532A  
85.33 27.91 287 6 96 101 84 89 8.386 27 201504250611A  
84.93 27.86 308 23 131 85 73 74 1.240 26 201504250645A  
84.96 27.61 201 40 -20 306 77 -129 6.664 23 201504252316A  
85.95 27.56 289 14 98 101 76 88 1.390 26 201504260709A  
85.90 27.56 305 26 115 98 66 78 7.685 23 201504261626A  
88.27 26.66 154 57 -157 52 71 -35 4.794 23 201504271235A  
86.08 27.67 307 11 117 99 81 85 8.844 26 201505120705A  
86.35 27.37 299 28 116 90 65 77 1.963 25 201505120736A  
86.26 27.37 324 34 138 91 68 63 1.329 24 201505161134A  
86.53 27.35 305 24 113 100 67 80 0.899 24 201611272335A  
85.83 14.46 310 58 150 58 65 36 2.658 23 201902120132A  
87.06 9.33 66 34 68 271 59 104 3.102 23 201907051708A  
85.88 27.53 306 23 108 106 69 83 6.118 23 202009152334A  
88.95 27.02 194 57 -20 295 74 -145 4.195 23 202104051519A  
68.42 24.17 235 72 4 144 86 162 4.925 23 202111040945A  
86.82 27.07 315 24 -168 214 85 -66 1.612 23 202207310228A  