87.57	26.29	0.5	172.35	0.3
73.58	17.31	0.5	157.56	0.3
89.05	27.42	1.5	164.78	0.3
85.74	8.48	1.5	205.79	0.3
85.84	18.01	2.5	207.35	0.3
87.43	18.4	1.5	104.69	0.3
86.64	26.52	2	217.45	0.3
85.73	27.39	2.5	205.13	0.3
89.88	22.13	1.5	220.93	0.3
70.7	26.47	2.5	175.9	0.3
86.67	9.45	2.5	175.23	0.3
67.49	26.9	2.5	115.55	0.3
67.36	26.75	2.5	92.277	0.3
67.42	26.59	2.5	123.61	0.3
76.55	18.11	2.5	208.64	0.3
73.72	17.41	0.5	192.42	0.3
80.22	23.06	2.5	164.03	0.3
73.93	17.45	0.5	176.6	0.3
73.93	17.26	0.5	177.74	0.3
70.24	23.63	2.5	176.4	0.3
70.61	23.61	2.5	181.29	0.3
70.48	23.74	2	132.39	0.3
70.07	23.72	2.5	172.47	0.3
80.19	12.17	2.5	159.48	0.3
70.43	23.69	2.5	147.64	0.3
73.79	17.1	0.5	176.16	0.3
86.7	26.94	2.5	188.27	0.3
88.64	27.22	2.5	170.42	0.3
70.77	23.72	1.5	178.14	0.3
70.64	23.68	2.5	185.15	0.3
70.35	23.25	1.5	193.45	0.3
70.26	23.36	2.5	178.1	0.3
88.56	27.23	1.5	155.58	0.3
70.49	21.04	1.5	188.26	0.3
67.42	25.84	2.5	112.76	0.3
70.64	26.99	1.5	198.29	0.3
73.74	17.1	0.5	164.85	0.3
73.74	17.02	0.5	154.91	0.3
88.35	27.44	1.5	172.07	0.3
70.44	20.98	1.5	196.24	0.3
70.24	23.52	1.5	150.81	0.3
88.79	27.17	2.5	190.81	0.3
67.62	27.48	2.5	261.34	0.3
68.39	26.2	2.5	226.73	0.3
86.56	27.46	2.5	192.09	0.3
85.33	27.91	2	191.29	0.3
84.93	27.86	2.5	186.85	0.3
84.96	27.61	1	226.41	0.3
85.95	27.56	2.5	192.4	0.3
85.9	27.56	2.5	196.36	0.3
88.27	26.66	1.5	195.2	0.3
86.08	27.67	2	192.17	0.3
86.35	27.37	2.5	189.86	0.3
86.26	27.37	2.5	200.29	0.3
86.53	27.35	2.5	197.61	0.3
85.83	14.46	2	182.11	0.3
87.06	9.33	2.5	171.75	0.3
85.88	27.53	2.5	202.28	0.3
88.95	27.02	1.5	151.48	0.3
68.42	24.17	1.5	187.98	0.3
86.82	27.07	1	121.9	0.3
