%%%% from Lund-Snee and Zoback, 2020 Nature Communicaitons (See supplemental information)
%Lon	Lat	Regime	SHmax	Quality 
%%%%%%%%Regime: normal=0.5, strike-slip=1.5, thrust=2.5
%%%%%%%%Quality: A=0.3, B=0.2, C=0.1, D+=0.075, D=0.05
-97.94	32.82	0	47.1859	0.2
-97.24	32.67	0	39.3197	0.3
-98.03	33.61	0	33.11105547	0.3
-98.16	33.63	0	41.18330819	0.3
-98.16	32.88	0	26.8409	0.2
-97.77	33.53	0	56.592	0.2
-98.5	33.65	0	33.43052811	0.2
-97.54	33.23	0	49.677	0.2
-97.1	32.46	0	27.01471444	0.2
-97.25	33.31	0	39.5922	0.2
-97.7	33.44	0	14.45254595	0.2
-98.37	33.58	0	25.6736	0.2
-97.9	33.6	0	21.59055425	0.2
-97.54	33.5	0	26.3252	0.1
-98.12	32.37	0	18.0054	0.1
-97.94	32.45	0	17.5721	0.1
-97.53	33.67	0	27.40891031	0.1
-98	32.81	0	65.9	0.05
-97.55	33.24	0	40.22842361	0.3
-97.35	33.24	0	43.34755635	0.3
-97.38	33.39	0	48.654212	0.3
-97.31	33.27	0	42.4643	0.3
-97.61	33.17	0	46.3828	0.3
-96.6	30.6	0	57.25	0.3
-97.28	33.21	0	38.4208261	0.2
-97.38	33.39	0	40.354092	0.2
-96.4	30.6	0	57.95	0.2
-96.6	30.5	0	53.586	0.2
-97.46	33.45	0	44.895464	0.1
-97.35	33.25	0	21.39095401	0.1
-97.94	32.82	0	42.33	0.1
-97.95	32.82	0	44.5703	0.1
-97.81	32.38	0	48.6667	0.1
-97.58	32.32	0	54.8754	0.1
-103.22	33.46	0	109.58	0.1
-102.23	31.97	0	147.1885	0.05
-102.71	30.88	0	155.2333	0.05
-103.75	31.17	0	20.4647	0.05
-100.55	31.25	0	43.8537	0.05
-101.89	31.75	0	173	0.05
-104.01	31.77	0	32.1897	0.05
-100.41	32.88	0	136.1004	0.05
-101.55	32.97	0	56.4	0.05
-101.97	30.43	0	153.5892	0.3
-102.69	32.13	0	77.2084	0.3
-100.35	28.83	0	38.5312	0.3
-102.2	30.52	0	141.1931	0.2
-102.22	30.53	0	158.4864	0.2
-94.33	32.04	0	79.8531	0.2
-102.67	32.07	0	63.8918	0.2
-94.14	32.31	0	63.82	0.2
-100.16	28.69	0	45.4005	0.2
-102.1	30.49	0	153.7881	0.2
-102.13	30.51	0	175.3048	0.2
-102.14	30.51	0	153.5961	0.1
-102.13	30.51	0	168.8945	0.1
-102.26	30.54	0	133.0583	0.1
-102.25	30.54	0	132.7723	0.1
-102.12	30.5	0	150.0362	0.05
-102.25	30.54	0	132.7219	0.05
-102.25	30.54	0	119.7268	0.05
-104.03	31.95	0	55.6	0.05
-94.27	32.15	0	81.6596	0.05
-101.06	31.1	0	75.0312	0.3
-101.64	31.23	0	81.1482	0.3
-101.63	31.26	0	70.8905	0.3
-102.38	31.69	0	93.1979	0.3
-104.15	31.86	0	86.5658	0.3
-101.15	32.45	0	75.4351	0.3
-97.24	33.3	0	55.8922	0.3
-97.28	33.32	0	32.542	0.3
-100.07	35.52	0	97.6501	0.3
-97.63	33.05	0	9.7636	0.3
-97.31	33.15	0	11.1661	0.3
-97.57	33.33	0	29.2388	0.3
-103.41	30.9	0	137.2659	0.3
-101.11	31.23	0	80	0.3
-103.22	31.26	0	130.3807	0.3
-103.19	31.26	0	133.6766	0.3
-101.62	31.33	0	86.1455	0.3
-103.65	31.74	0	82.087	0.3
-103.62	31.75	0	96.0133	0.3
-102.95	31.78	0	76.7663	0.3
-101.5	31.86	0	70.8821	0.3
-102.39	31.98	0	85.392	0.3
-101.34	32.48	0	64.484	0.3
-102.15	30.51	0	151.7508	0.3
-102.12	30.51	0	164.3336	0.3
-102.15	30.52	0	154.6636	0.3
-104.02	31.47	0	120.7658	0.3
-104.2	31.55	0	88.385	0.3
-104.05	31.61	0	92.6988	0.3
-104.19	31.69	0	104.202	0.3
-102.59	31.91	0	74.3129	0.3
-102.57	31.93	0	79.8149	0.3
-104.04	31.96	0	65.2704	0.3
-102.58	31.96	0	66.2719	0.3
-103.99	31.97	0	65.8902	0.3
-103.99	31.98	0	54.4734	0.3
-102.67	32.06	0	76.1387	0.3
-102.67	32.07	0	54.3771	0.3
-102.71	32.12	0	77.133	0.3
-102.68	32.12	0	74.3032	0.3
-102.73	32.14	0	71.6059	0.3
-97.32	33.31	0	23.1017	0.3
-100.79	36.18	0	92.0364	0.3
-100.68	36.47	0	94.6678	0.3
-100.67	36.47	0	93.6509	0.3
-101.62	30.75	0	65.8516	0.3
-101.77	31.02	0	104.4558	0.3
-96.43	30.59	0	65	0.2
-101.25	31.15	0	70	0.2
-102.08	31.18	0	106	0.2
-101.9	31.18	0	102	0.2
-101.18	31.18	0	77	0.2
-101.89	31.22	0	71.95501183	0.2
-101.12	31.23	0	85	0.2
-101.09	31.23	0	78.3837	0.2
-101.06	31.25	0	82	0.2
-101.13	31.26	0	68	0.2
-101.08	31.26	0	85	0.2
-101.05	31.28	0	75	0.2
-101.13	31.3	0	90	0.2
-102.48	31.4	0	110	0.2
-102.37	31.46	0	102.158	0.2
-103.62	31.73	0	85	0.2
-102.16	31.75	0	88	0.2
-102.86	32.39	0	75	0.2
-101.65	32.56	0	85	0.2
-102.04	35.46	0	115	0.2
-101.93	30.36	0	154.7464	0.2
-102.11	30.49	0	146.5725	0.2
-102.11	30.51	0	153.1399	0.2
-102.17	30.52	0	150.9043	0.2
-96.43	30.91	0	60.239	0.2
-96.5	31	0	65.9483	0.2
-96.44	31	0	75.0777	0.2
-96.43	31	0	74.5894	0.2
-101.64	31.07	0	102.8271	0.2
-104.12	31.66	0	108.5108	0.2
-104.08	31.86	0	65.1803	0.2
-102.58	32.02	0	80.7925	0.2
-102.68	32.07	0	71.4334	0.2
-101.44	32.08	0	60.8179	0.2
-102.72	32.13	0	82.6195	0.2
-103.05	32.22	0	79.7963	0.2
-97.33	33.29	0	32.4539	0.2
-97.38	33.3	0	37.8091	0.2
-100.79	36.17	0	93.0598	0.2
-100.78	36.18	0	92.7385	0.2
-101.81	36.39	0	111.4301	0.2
-101.63	30.95	0	86.9035	0.2
-101.71	31	0	118.7659	0.2
-101.81	31.02	0	100.7526	0.2
-101.44	31.02	0	77.2829	0.2
-101.04	31.19	0	79.9197	0.2
-102.33	31.63	0	85.9236	0.2
-101.01	31.73	0	58.7077	0.2
-101.08	31.83	0	68.1814	0.2
-100.76	31.83	0	51.137	0.2
-101.08	31.9	0	61.7255	0.2
-100.72	31.93	0	69.4364	0.2
-103.47	31.97	0	82.5467	0.2
-100.42	32.69	0	45.6301	0.2
-97.26	33.18	0	14.0909	0.2
-102.08	31.19	0	100	0.2
-101.96	31.2	0	105	0.2
-103.07	31.87	0	75	0.2
-103.27	33.45	0	118	0.1
-101.03	31.26	0	83	0.1
-102.45	31.42	0	105	0.1
-101.51	31.89	0	80.3414	0.1
-100.78	30.25	0	39.7672	0.1
-100.78	30.27	0	31.6094	0.1
-101.6	31.1	0	78.1935	0.1
-101.86	31.12	0	117.9002	0.1
-104.05	31.6	0	115.4649	0.1
-104	31.6	0	106.4764	0.1
-104.03	31.9	0	79.5061	0.1
-104.02	31.9	0	78.9301	0.1
-104.03	31.91	0	75.7628	0.1
-102.73	32.12	0	56.2586	0.1
-102.69	32.14	0	76.2168	0.1
-102.12	36.22	0	95.4348	0.1
-101.78	36.37	0	102.1029	0.1
-101.78	36.38	0	106.8566	0.1
-101.58	36.4	0	115.577	0.1
-101.72	36.42	0	100.6945	0.1
-101.72	36.44	0	97.8115	0.1
-101.71	36.44	0	95.2859	0.1
-101.74	36.46	0	95.5616	0.1
-101.75	36.47	0	106.0146	0.1
-101.8	36.48	0	100.547	0.1
-101.16	36.49	0	102.1517	0.1
-97.42	29.17	0	44	0.1
-101.3	31.1	0	55.0221	0.1
-103.18	31.5	0	124.1561	0.1
-101.91	37.2	0	114.3719	0.1
-97.35	33.23	0	44.3179	0.1
-97.34	33.25	0	23.9725	0.1
-97.34	33.27	0	20.644	0.1
-97.34	33.27	0	16.9869	0.1
-103.07	31.88	0	45	0.05
-98.09	28.72	0	57.6407	0.05
-100.79	30.27	0	36.9583	0.05
-102.11	30.5	0	154.6225	0.05
-102.15	30.51	0	152.6174	0.05
-102.11	30.51	0	140.9291	0.05
-102.1	30.51	0	142.2383	0.05
-102.15	30.52	0	149.8457	0.05
-102.2	30.53	0	173.6858	0.05
-102.19	30.53	0	165.6741	0.05
-102.27	30.54	0	136.7271	0.05
-102.33	30.55	0	134	0.05
-96.44	31	0	67.6798	0.05
-96.45	31.01	0	61.1514	0.05
-103.99	31.97	0	60.1773	0.05
-102.7	32.05	0	73.5421	0.05
-102.73	32.13	0	71.5002	0.05
-102.69	32.13	0	84.049	0.05
-97.67	32.39	0	30.4618	0.05
-97.28	33.22	0	28.1849	0.05
-97.36	33.23	0	9.2996	0.05
-97.31	33.24	0	18.1753	0.05
-97.35	33.25	0	25.05	0.05
-97.29	33.27	0	165.5321	0.05
-100.4	36.12	0	81.3431	0.05
-101.19	36.14	0	90.0273	0.05
-102.06	36.28	0	94.9635	0.05
-102.05	36.28	0	101.71	0.05
-101.8	36.4	0	108.9743	0.05
-101.61	36.41	0	107.1981	0.05
-101.73	36.44	0	101.1987	0.05
-101.34	36.49	0	117.8457	0.05
-97.83	28.96	0	47	0.05
-103.47	31.48	0	127.1196	0.05
-102.07	32.19	0	77.1586	0.05
-100.76	32.23	0	59.2871	0.05
-94.08	32.47	0	67.7259	0.05
-100.57	32.69	0	49.5977	0.05
-100.81	32.86	0	75.5263	0.05
-101.9	37.21	0	101.5477	0.05
-100.28	28.5	0	129.7095	0.05
-93.78	32.25	0	82.733	0.3
-98.18	28.79	0	64.5384	0.2
-104.15	31.53	0	128.8	0.3
-104.25	31.88	0	77.7	0.3
-97.25	33.31	0	47	0.3
-103.5	31.47	0	119.4	0.2
-104.18	31.67	0	87	0.2
-104.3	31.88	0	69.7	0.2
-97.65	32.24	0	32	0.2
-97.29	32.55	0	37	0.2
-97.56	33.38	0	29	0.2
-104.2	31.55	0	85.6	0.1
-98	32.09	0	1.1	0.1
-97.34	32.13	0	32.8	0.1
-97.54	32.22	0	35	0.1
-97.77	32.52	0	7.9	0.1
-97.28	32.56	0	39	0.1
-97.73	32.66	0	59	0.1
-97.6	32.84	0	28	0.1
-97.23	33.04	0	29	0.1
-97.7	33.26	0	48	0.1
-104.12	31.66	0	113	0.05
-97.94	32.88	0	93	0.05
-97.81	33.07	0	33	0.05
-100.14	28.39	0	64.7	0.05
-103.21	33.46	0	134.2989	0.1
-101.86	32.51	0	75.2586	0.3
-101.96	31.72	0	88.8273	0.3
-101.96	32.13	0	80.3888	0.3
-102.13	32.29	0	72.2978	0.3
-102.13	32.3	0	78.8285	0.3
-102.01	31.5	0	92.4739	0.3
-101.64	32	0	80.4516	0.3
-101.83	32.44	0	56.3789	0.3
-101.87	32.46	0	68.759	0.3
-101.98	32.51	0	81.3059	0.3
-102.48	32.54	0	86.495	0.3
-102.51	32.65	0	91.2549	0.3
-101.9	32.48	0	73.5616	0.3
-101.8	31.51	0	92.2592	0.3
-102.14	32.22	0	83.3049	0.3
-101.9	31.21	0	109.1046	0.3
-101.87	32.44	0	68.66	0.3
-102.42	32.56	0	82.6858	0.3
-101.47	31.25	0	77.3734	0.3
-101.95	31.8	0	84.1301	0.3
-101.54	31.28	0	88.2087	0.3
-101.7	32.2	0	82.545	0.3
-101.91	32.51	0	72.4259	0.3
-101.93	32.24	0	77.2531	0.3
-101.9	31.22	0	94.5117	0.3
-102.08	32.28	0	73.9184	0.3
-102.02	32.33	0	77.7852	0.3
-102.13	32.29	0	78.7661	0.3
-101.98	31.24	0	90.9746	0.3
-101.61	31.78	0	79.4419	0.3
-101.96	31.23	0	99.5972	0.3
-101.76	32.31	0	83.6786	0.3
-102.09	32.54	0	75.0178	0.3
-102	31.95	0	79.1095	0.3
-103.37	32.02	0	84.9897	0.3
-104.28	32.31	0	32.8353	0.3
-104.17	32.52	0	19.4786	0.3
-104.17	32.51	0	10.5722	0.3
-103.71	32.14	0	71.9854	0.3
-104.32	32.33	0	32.6035	0.3
-103.69	32.17	0	76.3292	0.3
-103.75	32.15	0	71.038	0.3
-103.73	32.15	0	74.4128	0.3
-103.73	32.18	0	70.2552	0.3
-104.07	32.65	0	0.8321	0.3
-104.07	32.64	0	6.4331	0.3
-103.52	32.05	0	81.8527	0.3
-103.49	32.38	0	75.1896	0.3
-104.18	32.38	0	22.3273	0.3
-104.09	32.62	0	-5.9222	0.3
-104.19	32.21	0	41.1586	0.3
-103.45	32.02	0	88.0021	0.3
-103.7	32.1	0	75.363	0.3
-103.8	32.31	0	66.763	0.3
-103.48	32.04	0	78.493	0.3
-103.42	32.05	0	91.7367	0.3
-103.55	32.25	0	78.4146	0.3
-104.21	32.19	0	45.2684	0.3
-103.56	32.27	0	78.4115	0.3
-104.15	32.14	0	43.0897	0.3
-103.34	32.76	0	76.9646	0.2
-103.88	32.63	0	45.1208	0.2
-104.17	32.51	0	5.721	0.2
-103.85	32.66	0	38.3422	0.2
-103.48	32.03	0	85.8934	0.2
-104.17	32.37	0	28.3269	0.2
-104.15	32.49	0	14.7855	0.2
-103.71	32.24	0	71.0608	0.2
-103.83	32.65	0	30.519	0.2
-103.85	32.68	0	37.8339	0.2
-104.17	32.37	0	10.863	0.2
-103.56	32.27	0	78.3633	0.2
-103.74	32.34	0	66.5891	0.2
-104.05	32.63	0	0.0576	0.2
-104.07	32.63	0	5.8062	0.2
-102.95	33.37	0	116.077	0.2
-102.97	33.33	0	110.7111	0.2
-101.94	31.84	0	85.723	0.2
-101.98	31.25	0	87.4934	0.2
-102.1	32.21	0	68.9377	0.2
-101.95	31.8	0	82.3959	0.2
-101.69	32.01	0	79.5362	0.2
-102.13	32.28	0	69.6907	0.2
-101.64	32	0	73.2745	0.2
-101.61	31.77	0	72.3528	0.2
-101.94	31.25	0	83.9547	0.2
-101.79	31.27	0	78.7455	0.2
-101.76	31.74	0	80.277	0.2
-101.99	31.5	0	86.0439	0.2
-101.73	31.45	0	72.1646	0.2
-101.74	31.52	0	80.83	0.2
-101.75	32.03	0	76.968	0.2
-101.21	31.31	0	73.6242	0.2
-101.92	31.24	0	86.0647	0.2
-101.98	31.5	0	92.6838	0.2
-102.05	32.56	0	70.0567	0.2
-101.82	32.48	0	70.9346	0.2
-101.99	32.23	0	79.2123	0.2
-101.97	31.52	0	92.8922	0.2
-101.76	32.31	0	68.572	0.2
-102.1	31.91	0	79.7075	0.2
-102.39	32.56	0	87.2099	0.2
-101.92	31.22	0	91.7773	0.2
-103.9	32.68	0	-9.1246	0.1
-103.26	33.45	0	117.6734	0.1
-101.8	31.43	0	79.1831	0.1
-101.93	31.53	0	82.8538	0.1
-104.09	32.63	0	7.3141	0.05
-101.79	31.2	0	87.1512	0.05
-102.2	32.5	0	66.9448	0.3
-102.2	31.7	0	74.49	0.3
-103.6	32	0	72.29	0.3
-103.8	31.3	0	125.565	0.3
-101	31.3	0	53.23	0.3
-102.1	31.9	0	65.55	0.3
-103.6	31.4	0	138	0.3
-103	32.5	0	60	0.3
-103.2	31.4	0	131.072	0.2
-101.7	31.8	0	78.5979	0.1
-102.6	30.8	0	62.86	0.05
-103.2	33.5	0	134.997	0.2
-88.83	31.88	0	23	0.3
-88.66	31.88	0	24	0.2
-107.78	40.57	0	125.88	0.3
-112.68	48.62	0	54	0.3
-110.23	40.25	0	167	0.3
-110.35	40.23	0	168	0.3
-108.26	39.91	0	111.1	0.3
-108.33	40.94	0	113.0212	0.3
-108.33	40.96	0	116.6	0.3
-108.3	40.95	0	116.8457	0.3
-108.78	41.02	0	154	0.3
-108.78	41.02	0	166.5	0.3
-115.74	40.42	0	28.31	0.3
-104.96	37.24	0	163.1	0.2
-110.21	40.01	0	155.3	0.2
-119.08	39.58	0	28.03	0.2
-108.74	41.07	0	122.5831	0.2
-108.78	41.05	0	170.6	0.2
-115.41	40.87	0	176.29	0.2
-110.06	41.4	0	122.4762	0.2
-110.12	40.05	0	130	0.1
-110.02	40.08	0	135	0.1
-119.09	39.6	0	27.0473	0.1
-104.95	37.24	0	147.46	0.05
-104.86	37.18	0	117.4	0.05
-109.96	40.1	0	90	0.05
-110.09	40.02	0	133.4	0.05
-110.07	40.06	0	95.7	0.05
-110.05	40.03	0	106.85	0.05
-108.74	41.05	0	174.5348	0.05
-105.85	43.56	0	9.6	0.05
-105.42	43.25	0	45	0.05
-110.03	41.45	0	115.8215	0.05
-103.38	38.65	0	68.9767	0.3
-103.01	38.27	0	75.9411	0.3
-104.82	37.05	0	167.102	0.3
-102.57	30.78	0	135.832	0.3
-110.07	40.08	0	108.8	0.3
-112.52	48.61	0	48.3	0.3
-103.91	48.65	0	47.3	0.3
-109.91	40.07	0	103.7	0.3
-110.15	40.15	0	95.2	0.3
-110	40.24	0	110.4	0.3
-110.33	40.21	0	7.06	0.3
-108.65	41.12	0	139.5	0.3
-105.68	44	0	120.7	0.3
-105.08	43.12	0	70.5	0.3
-106	43.58	0	106.4	0.3
-105.42	43.25	0	77	0.3
-108.62	41	0	101.9548	0.3
-104.85	37.24	0	21.9605	0.2
-104.93	37.24	0	25.3109	0.2
-104.86	37.1	0	7.7887	0.2
-107.79	40.58	0	115.035	0.2
-90.45	32.36	0	77.066	0.2
-102.64	30.89	0	134.81	0.2
-102.6	30.8	0	141.547	0.2
-110.06	40.05	0	105	0.2
-110.13	40.01	0	133.9	0.2
-112.47	48.63	0	54.7	0.2
-110.22	40.2	0	175.8	0.2
-109.97	40.25	0	115.9	0.2
-109.95	40.05	0	115.6	0.2
-110.26	40.22	0	7	0.2
-110.36	40.27	0	9.29	0.2
-110.31	40.21	0	12	0.2
-108.79	41.04	0	146.7	0.2
-108.66	41.11	0	136.4	0.2
-115.43	40.85	0	109.04	0.2
-115.15	41.15	0	23.2	0.2
-118.15	40.99	0	25.6	0.2
-118.13	41	0	21.7	0.2
-112.89	38.5	0	23.788	0.2
-105.4	43.14	0	85.31	0.2
-105.49	43.68	0	85.4	0.2
-105.69	43.8	0	107.5	0.2
-105.4	43.19	0	66.9	0.2
-105.45	43.65	0	110	0.2
-105.58	43.75	0	105.3	0.2
-105.05	43.05	0	91.8	0.2
-101.17	31.13	0	70	0.2
-104.94	37.21	0	28.5239	0.1
-104.91	37.27	0	6.8512	0.1
-110.21	40.03	0	87.4	0.1
-112.78	48.78	0	46.3	0.1
-110.04	40.07	0	107.2	0.1
-110.12	40.05	0	99.5	0.1
-109.96	40.1	0	88	0.1
-110.2	40.03	0	136.6	0.1
-110.16	40.34	0	126.5	0.1
-108.84	32.14	0	19.9358	0.1
-108.84	32.14	0	29.6793	0.1
-108.65	41.13	0	137	0.1
-105.61	43.61	0	119.1	0.1
-105.48	43.77	0	85	0.1
-105.44	43.37	0	92.8	0.1
-105.63	43.8	0	110.5	0.1
-110.08	41.42	0	129.9877	0.1
-101.19	31.14	0	76	0.1
-104.78	37.3	0	45.0097	0.05
-104.96	37.24	0	171.782	0.05
-110.06	40.24	0	131.8	0.05
-110.18	40.06	0	99.3	0.05
-110.16	40.04	0	71.6	0.05
-110.04	40.21	0	21.92	0.05
-110.31	40.16	0	37.5	0.05
-110.3	40.25	0	168.1	0.05
-108.84	32.14	0	5.8999	0.05
-108.84	32.14	0	152.2711	0.05
-119.08	39.57	0	112.2	0.05
-108.67	41.09	0	147.4	0.05
-108.65	41.12	0	137	0.05
-108.76	41.06	0	134.9	0.05
-105.52	43.72	0	136.1	0.05
-105.41	43.62	0	102.3	0.05
-106.04	43.64	0	85.6	0.05
-105.6	43.85	0	99.3	0.05
-105.51	43.71	0	125.6	0.05
-105.54	43.8	0	139.5	0.05
-104.74	40.18	0	90.321	0.3
-104.75	40.16	0	113.832	0.3
-104.64	40.17	0	109.041	0.3
-104.73	40.17	0	83.1221	0.3
-104.66	40.22	0	106.38	0.3
-104.74	40.12	0	115.582	0.3
-104.76	40.12	0	110.819	0.3
-104.76	40.13	0	112.049	0.3
-104.76	40.13	0	108.88	0.3
-104.46	40.25	0	107.566	0.3
-104.91	40.01	0	123.202	0.3
-104.92	40.01	0	117.858	0.3
-104.94	40.23	0	0.8523	0.3
-104.64	40.16	0	112.668	0.3
-104.88	40.13	0	119.726	0.3
-104.97	40.07	0	111.943	0.3
-104.87	40.43	0	10.9527	0.3
-104.66	40.15	0	103.227	0.3
-104.66	40.15	0	103.253	0.3
-104.66	40.15	0	100.481	0.3
-104.64	40.13	0	103.105	0.3
-104.79	40.18	0	108.974	0.3
-104.39	40.46	0	116.932	0.3
-104.39	40.46	0	124.999	0.3
-104.74	40.18	0	86.5362	0.2
-104.73	40.19	0	121.792	0.2
-104.74	40.15	0	100.745	0.2
-104.75	40.16	0	116.409	0.2
-104.72	40.16	0	93.7422	0.2
-104.73	40.16	0	106.897	0.2
-104.73	40.16	0	105.462	0.2
-104.76	40.13	0	104.752	0.2
-104.95	40.41	0	178.324	0.2
-104.95	40.41	0	7.1404	0.2
-104.77	40.17	0	96.5137	0.2
-104.79	40.19	0	101.056	0.2
-104.87	40.43	0	179.332	0.2
-104.79	40.18	0	102.233	0.2
-104.77	40.19	0	96.6123	0.1
-104.73	40.19	0	102.937	0.1
-104.74	40.12	0	111.5	0.1
-104.94	40.22	0	179.367	0.1
-104.96	40.22	0	25.5387	0.1
-104.62	40.13	0	99.671	0.1
-104.72	40.12	0	106.601	0.1
-104.7	40.18	0	113.03	0.05
-104.74	40.15	0	104.1	0.05
-104.6	40.12	0	107.95	0.05
-104.76	40.13	0	102	0.05
-104.63	40.12	0	116.3	0.05
-104.94	40.22	0	-6.1996	0.05
-104.68	40.25	0	54.875	0.05
-104.39	40.46	0	140.019	0.05
-99.1	28.5	0	43.91	0.3
-98.2	35.7	0	74.4577	0.3
-98.3	35.6	0	75.967	0.3
-93.5	32.1	0	76.53	0.3
-98.2	28.8	0	64.775	0.3
-103.5	48.3	0	48.1555	0.3
-81.07	40.18	0	51.7	0.3
-80.9	39.6	0	54.2978	0.3
-93.5	32.2	0	70.27	0.3
-81	40	0	52.7	0.3
-103.3	31.3	0	131.046	0.3
-80.8	39.9	0	62.75	0.3
-81	40	0	48.533	0.3
-102.2	32.5	0	87.9	0.3
-80.2	39.9	0	53.1	0.3
-79.5	41.1	0	57.7	0.3
-80.3	39.9	0	56.1	0.3
-80.3	39.9	0	55.6	0.3
-101.5	31.8	0	69.9	0.3
-98.1	28.3	0	53.4	0.3
-99.8	28.3	0	41	0.3
-81.05	40.22	0	58.4376	0.3
-97.49	36.1	0	81.8007	0.3
-81.27	40.06	0	59.3832	0.3
-102.89	47.55	0	53.2881	0.3
-96.6	30.1	0	74.6	0.3
-103.5	32.2	0	73.4	0.3
-103.6	32.5	0	71	0.3
-103.3	31.3	0	136	0.3
-101.4	31.5	0	81.8	0.3
-103.1	31.6	0	77	0.3
-108.8	41	0	142.7	0.3
-104.96	40.42	0	6.12	0.3
-99	28.3	0	52.07	0.2
-99.8	28.2	0	44.89	0.2
-99.8	28.1	0	47.90558	0.2
-99.8	28.2	0	41.578	0.2
-97.2	29.4	0	49.89	0.2
-97.5	29.2	0	46.7	0.2
-97.8	28.9	0	43.56	0.2
-97.4	29.2	0	50.8453	0.2
-97.8	29	0	41.17	0.2
-97.8	29	0	42.5058	0.2
-97.8	29	0	41.416	0.2
-103.5	48.1	0	44.898	0.2
-103.5	48.1	0	44.99	0.2
-96.1	35.1	0	87.195	0.2
-99.8	27.9	0	37.566	0.2
-98.9	28.3	0	51.2887	0.2
-98.8	28.3	0	43.0605	0.2
-79.8	40.1	0	60.2	0.2
-103	33.2	0	127	0.2
-98.7	28.6	0	42.8	0.2
-80.3	40	0	53.9	0.2
-96.3	31	0	55.2	0.2
-97.7	36.1	0	62.5	0.2
-104.7	41.2	0	139.35	0.2
-77.12	41.74	0	53.5475	0.2
-109.62	42.41	0	140.778	0.2
-107.62	39.48	0	136.8	0.2
-108.5	41.4	0	163	0.2
-96.3	35	0	83.5	0.2
-92.6	32.5	0	65.6	0.2
-93.1	32.4	0	61.6	0.2
-103.4	30.9	0	134	0.2
-104.5	40.2	0	123.1	0.2
-104.6	40.1	0	120	0.2
-99.8	28.2	0	46.1	0.1
-99.5	28.1	0	37.31	0.1
-98	28.8	0	53.858	0.1
-99.6	28.3	0	40	0.1
-97.9	28.9	0	41.9375	0.1
-103	47.3	0	59.3064	0.1
-78.5	41.3	0	68	0.1
-80.2	40	0	52.5	0.1
-81.4	39.5	0	70	0.1
-80.3	40.2	0	50.4	0.1
-80.4	40.2	0	52	0.1
-103.1	32.6	0	78	0.1
-103	32.5	0	66	0.1
-100.8	35.9	0	100	0.1
-109.66	42.4	0	136.399	0.1
-102.1	31.5	0	115	0.1
-102.1	31.7	0	85	0.1
-97.4	35	0	68.6	0.1
-99.8	36	0	87.815	0.05
-102.97	47.99	0	40.56	0.2
-103.33	32.83	0	70	0.075
-103.48	33.48	0	115	0.075
-104.72	32.73	0	10	0.075
-97.52	32.43	0	20	0.075
-104.19	32.82	0	130	0.05
-104.19	32.82	0	105	0.05
-104.2	32.82	0	95	0.05
-101.68	31.22	0	67.5	0.05
-104.08	32.92	0	135	0.05
-100.07	33.07	0	5	0.05
-98.11	33.5	0	20	0.05
-99.31	35.31	0	97.5	0.05
-102.8	30.44	0	160	0.05
-103.95	31.51	0	70	0.05
-98.6	32.68	0	0	0.05
-103.63	32.85	0	165	0.05
-103.39	33.46	0	125	0.05
-98.09	33.5	0	35	0.05
-102.8	30.41	0	150	0.05
-103.5	33.58	0	90	0.05
-100.43	32.26	0	60	0.05
-103.48	32.33	0	70	0.05
-104.17	32.43	0	80	0.05
-104.06	32.5	0	135	0.05
-104.13	32.68	0	40	0.05
-104.72	32.72	0	5	0.05
-104.62	32.75	0	0	0.05
-104.6	32.75	0	0	0.05
-104.58	32.75	0	0	0.05
-98.8	32.76	0	25	0.05
-102.83	30.4	0	155	0.075
-102.78	31.08	0	130	0.075
-103.59	32.78	0	110	0.075
-104.21	32.79	0	105	0.075
-103.7	32.79	0	45	0.075
-104.23	32.8	0	135	0.075
-104.08	32.81	0	175	0.075
-104.1	32.81	0	157.5	0.075
-104.11	32.81	0	125	0.075
-104.12	32.81	0	115	0.075
-101.65	31.12	0	65	0.075
-104.09	32.82	0	135	0.075
-104	32.82	0	135	0.075
-104	32.82	0	135	0.075
-104.06	32.82	0	135	0.075
-104.32	32.82	0	160	0.075
-103.95	32.82	0	0	0.075
-103.85	32.83	0	135	0.075
-104.58	32.83	0	165	0.075
-103.87	32.83	0	130	0.075
-103.86	32.83	0	145	0.075
-103.34	32.83	0	90	0.075
-104.28	32.85	0	160	0.075
-104.51	32.85	0	145	0.075
-104.35	32.85	0	170	0.075
-104.28	32.87	0	60	0.075
-103.42	32.88	0	75	0.075
-104.27	32.88	0	160	0.075
-101.4	32.89	0	65	0.075
-102.03	31.29	0	100	0.075
-104.19	32.9	0	165	0.075
-104.29	32.92	0	140	0.075
-103.35	32.92	0	85	0.075
-102.89	32.98	0	70	0.075
-103.17	33.07	0	100	0.075
-103.42	33.15	0	110	0.075
-100.84	33.18	0	90	0.075
-103.44	33.23	0	120	0.075
-101.91	31.3	0	100	0.075
-103.46	33.29	0	115	0.075
-103.53	33.29	0	120	0.075
-103.55	33.3	0	135	0.075
-102.56	33.3	0	90	0.075
-103.54	33.3	0	125	0.075
-103.54	33.32	0	115	0.075
-103.35	33.32	0	105	0.075
-103.52	33.35	0	125	0.075
-103.53	33.35	0	120	0.075
-100.68	33.36	0	105	0.075
-103.1	31.3	0	157.5	0.075
-103.5	33.37	0	120	0.075
-103.53	33.37	0	135	0.075
-103.49	33.37	0	120	0.075
-103.42	33.38	0	120	0.075
-103.44	33.4	0	125	0.075
-100.84	33.4	0	90	0.075
-100.84	33.4	0	70	0.075
-100.84	33.4	0	100	0.075
-103.43	33.41	0	110	0.075
-104.25	33.41	0	150	0.075
-103.21	31.34	0	160	0.075
-103.45	33.43	0	120	0.075
-103.51	33.44	0	125	0.075
-103.45	33.45	0	120	0.075
-103.51	33.46	0	125	0.075
-100.67	33.46	0	65	0.075
-100.67	33.47	0	60	0.075
-103.46	33.47	0	115	0.075
-103.52	33.48	0	125	0.075
-101.79	31.35	0	90	0.075
-100.21	33.51	0	60	0.075
-98.13	33.51	0	25	0.075
-104.3	33.52	0	157.5	0.075
-100.86	33.52	0	80	0.075
-98.05	33.54	0	32.5	0.075
-103.69	33.57	0	125	0.075
-99.23	35.3	0	85	0.075
-99.33	35.32	0	80	0.075
-99.52	35.7	0	85	0.075
-102.12	31.38	0	90	0.075
-100.09	35.89	0	90	0.075
-101.87	30.6	0	55	0.075
-101.82	30.64	0	145	0.075
-103.1	32.16	0	155	0.075
-98.8	32.75	0	145	0.075
-103.56	32.76	0	70	0.075
-103.04	31.46	0	100	0.075
-103.63	32.79	0	125	0.075
-104.1	32.82	0	0	0.075
-103.85	32.82	0	80	0.075
-103.85	32.83	0	125	0.075
-103.95	32.83	0	157.5	0.075
-103.44	33.3	0	125	0.075
-103.44	33.31	0	125	0.075
-102.61	31.52	0	100	0.075
-98.18	33.54	0	135	0.075
-98.18	33.54	0	90	0.075
-100.21	33.82	0	140	0.075
-100.17	33.96	0	90	0.075
-94.84	31.59	0	85	0.075
-102.59	31.62	0	90	0.075
-101.28	31.66	0	90	0.075
-102.13	31.7	0	80	0.075
-102.14	31.71	0	67.5	0.075
-102.33	31.73	0	130	0.075
-101.95	31.74	0	85	0.075
-102.19	31.78	0	85	0.075
-103.39	31.78	0	90	0.075
-102.11	30.51	0	150	0.075
-100.32	31.88	0	55	0.075
-101.65	31.89	0	67.5	0.075
-102.15	31.93	0	65	0.075
-101.82	31.93	0	85	0.075
-101.82	31.93	0	90	0.075
-101.82	31.94	0	85	0.075
-103.61	31.95	0	90	0.075
-102.42	31.97	0	90	0.075
-100.76	31.99	0	50	0.075
-99.76	31.99	0	67.5	0.075
-102.51	30.79	0	150	0.075
-101.63	31.99	0	75	0.075
-101.24	31.99	0	85	0.075
-101.62	32.21	0	65	0.075
-103.59	32.21	0	80	0.075
-101.57	32.23	0	112.5	0.075
-103.57	32.24	0	75	0.075
-104.01	32.28	0	40	0.075
-104.28	32.33	0	25	0.075
-101.75	30.85	0	145	0.075
-104.65	32.39	0	20	0.075
-103.17	32.4	0	70	0.075
-103.18	32.42	0	75	0.075
-101.78	32.43	0	70	0.075
-104.75	32.47	0	15	0.075
-104.67	32.49	0	0	0.075
-104.26	32.5	0	20	0.075
-101.76	30.88	0	115	0.075
-104.49	32.51	0	25	0.075
-103.61	32.51	0	60	0.075
-104.48	32.53	0	15	0.075
-102.19	32.55	0	80	0.075
-104.7	32.57	0	20	0.075
-104.48	32.57	0	0	0.075
-103.37	32.6	0	80	0.075
-103.37	32.6	0	65	0.075
-104.69	32.62	0	0	0.075
-104.67	32.62	0	0	0.075
-102.5	30.98	0	120	0.075
-104.65	32.62	0	0	0.075
-104.68	32.63	0	15	0.075
-104.66	32.63	0	10	0.075
-104.73	32.65	0	5	0.075
-104.52	32.69	0	10	0.075
-104.7	32.69	0	170	0.075
-104.39	32.7	0	165	0.075
-104.58	32.71	0	0	0.075
-102.73	32.72	0	105	0.075
-102.94	31.02	0	150	0.075
-104.62	32.73	0	10	0.075
-104.63	32.74	0	10	0.075
-104.6	32.74	0	175	0.075
-104.59	32.74	0	170	0.075
-104.57	32.75	0	0	0.075
-104.6	32.75	0	155	0.075
-104.59	32.75	0	170	0.075
-101.68	31.03	0	115	0.075
-104.6	32.75	0	145	0.075
-104.6	32.76	0	165	0.075
-104.59	32.76	0	170	0.075
-104.58	32.76	0	170	0.075
-103.56	32.76	0	85	0.075
-103.56	32.76	0	60	0.075
-103.56	32.76	0	75	0.075
-103.92	32.76	0	0	0.075
-108.23	43.38	0	117	0.3
-121.32	43.73	0.5	2.3	0.2
-107.64	43.17	0	120	0.1
-115.89	43.07	1	47.0512	0.1
-99.88	35.3	0	148	0.05
-102.31	35.37	0	58	0.05
-108	43.13	0	116	0.05
-107.69	42.92	0	116	0.3
-107.54	43.2	0	123	0.3
-107.57	43.16	0	123	0.3
-107.58	43.16	0	135	0.3
-107.55	43.16	0	136	0.3
-107.52	43.16	0	131	0.3
-108.25	43.22	0	114	0.3
-80.57	38.21	2	56.26	0.2
-97.4	33	1.5	20	0.2
-101.19	31.14	1	79	0.2
-118.93	39.76	0	27	0.2
-118.94	39.77	0.5	24	0.2
-107.55	43.19	0	121	0.2
-107.6	43.17	0	134	0.2
-107.65	43.17	0	131	0.2
-107.52	43.18	0	125	0.2
-107.51	43.16	0	138	0.2
-107.49	43.16	0	142	0.2
-107.48	43.17	0	136	0.2
-107.46	43.16	0	142	0.2
-107.6	43.17	0	133	0.2
-107.5	43.17	0	120	0.2
-107.66	43.18	0	136	0.2
-107.45	43.17	0	130	0.2
-108	43.13	0	121	0.2
-108.01	43.09	0	126	0.2
-107.9	43.19	0	119	0.2
-107.87	43.19	0	101	0.2
-108.49	43.24	0	107	0.2
-108.2	43.07	0	142	0.2
-108.51	43.42	0	113	0.2
-103.8	32.67	0	39	0.1
-103.42	32.04	0	79	0.1
-103.55	31.99	0	82	0.1
-103.87	31.6	0	91	0.1
-103.35	31.82	0	88	0.1
-103.56	31.55	0	113	0.1
-103.72	31.38	0	134	0.1
-104.35	32.21	0	31	0.1
-103.83	31.24	0	108	0.1
-103.5	31.28	0	139	0.1
-103.36	31.26	0	127	0.1
-103.28	31.11	0	134	0.1
-102.21	32.24	0	89	0.1
-102.16	32.23	0	80	0.1
-104.21	32.1	0	47	0.1
-102.06	31.88	0	88	0.1
-102.23	31.73	0	85	0.1
-101.48	32.04	0	78	0.1
-101.37	32.02	0	76	0.1
-101.48	31.8	0	74	0.1
-101.33	31.76	0	72	0.1
-102.04	31.39	0	103	0.1
-101.68	31.11	0	99	0.1
-103.44	32.28	0	60	0.1
-104.05	32.04	0	46	0.1
-104.14	31.91	0	49	0.1
-104.32	31.81	0	83	0.1
-103.87	32.12	0	63	0.1
-97.29	33.27	0.5	20	0.1
-102.83	48.29	0	47.8	0.1
-107.5	43.19	0	123	0.1
-107.6	43.16	0	138	0.1
-107.53	43.18	0	117	0.1
-104.74	40.12	0	115	0.05
-104.73	40.12	0	120	0.05
-104.72	40.12	0	100	0.05
-103.28	32.1	0	93	0.05
-103.61	31.84	0	90	0.05
-103.77	31.77	0	110	0.05
-103.89	31.77	0	83	0.05
-103.22	31.24	0	130	0.05
-103.1	31.39	0	125	0.05
-103.06	31.13	0	137	0.05
-102.99	31.03	0	146	0.05
-103.75	32.09	0	70	0.05
-94.57	31.82	1	79	0.05
-97.67	32.39	0.5	45	0.05
-97.44	32.52	0	48	0.05
-97.58	32.54	0	50.5	0.05
-97.56	32.44	0	18	0.05
-97.59	32.4	0	68	0.05
-97.51	32.44	0	23	0.05
-97.55	32.37	0	51	0.05
-107.52	43.2	0	127	0.05
-107.61	43.17	0	123	0.05
-107.67	43.29	0	108	0.05
-107.65	43.29	0	110	0.05
-108.58	43.31	0	115	0.05
-97.15	32.49	0.5	24.24995998	0.3
-96.91	32.86	0.5	38.19321686	0.3
-97.57	32.96	0.5	34.0686	0.1
-118.89	39.78	0.5	24	0.3
-97.51	29.12	0	53.6657	0.3
-104.73	40.12	0	111.1066	0.3
-92.37	35.28	1.5	67.1673	0.3
-103.75	44.35	1	86.1	0.2
-97.51	29.12	0	60.6839	0.1
-103.05	31.92	0.5	160	0.05
-103.28	31.62	1.5	178	0.05
-98.27	30.57	2	113	0.05
-97.42	32.4	0	60	0.2
-99.455	35.812	0	84	0.05
-97.318	33.943	0	178	0.05
-97.281	33.962	0	153	0.05
-96.598	34.138	0	127	0.1
-97.648	34.177	0	177	0.05
-97.626	34.135	0	144	0.1
-97.627	34.092	0	148	0.05
-97.286	34.972	0	63	0.05
-123.625	46.958	0	12	0.05
-97.46	35.082	0	83	0.05
-98.074	36.531	0	92	0.2
-97.541	34.58	0	77	0.05
-99.68	36.084	0	111	0.1
-97.976	35.806	0	103	0.05
-97.246	35.318	0	68	0.1
-97.533	35.673	0	75	0.05
-97.182	35.346	0	64	0.1
-96.876	35.592	0	84	0.05
-97.146	35.905	0	76	0.2
-97.299	34.897	0	13	0.05
-97.91	35.749	0	104	0.1
-97.667	34.872	0	69	0.1
-97.337	34.928	0	71	0.05
-97.88	35.216	0	57	0.1
-97.739	34.985	0	71	0.1
-98.828	35.433	0	121	0.05
-98.837	35.443	0	106	0.1
-97.585	35.141	0	58	0.1
-66.59	44.95	0	20	0.3
-97.906	35.485	0	80	0.05
-97.756	34.856	0	76	0.05
-97.513	35.224	0	127	0.05
-97.668	34.93	0	74	0.05
-97.737	34.887	0	74	0.1
-97.402	34.45	0	7	0.05
-99.475	35.24	0	119	0.05
-82.04	39.35	0	60	0.2
-80.76	41.67	0	42	0.05
-66.69	44.931	0	20	0.3
-82.44	39.46	0	58	0.05
-82.5	39.5	1.5	64	0.3
-76.54	42.96	0	80	0.2
-73.78	41.43	0	55	0.1
-79.5	42.13	0	72	0.1
-76.7	43	0	84	0.1
-100.65	28.96	0	19	0.2
-83	36.72	0	55	0.2
-79.81	37.52	0	45	0.2
-78.25	39.2	0	49	0.3
-111.317	40.125	0.5	159	0.3
-111.82	40.51	0.5	154	0.3
-79.045	39.65	0	65	0.05
-83.15	37.23	0	51	0.2
-87.42	37.73	0	94	0.3
-87.82	37.55	0	91	0.1
-87.5	37.32	0	99	0.2
-82.42	37.77	0	63	0.1
-83	37.97	0	65	0.1
-101.683	37.329	0	38	0.1
-87.82	38.28	0	101	0.2
-87.73	38.27	0	85	0.1
-87.46	38.32	0	96	0.1
-87.8	38.9	0	65	0.1
-87.78	38.74	0	89	0.1
-88.3	38.65	0	56	0.05
-87.7	38.55	0	88	0.05
-88.65	38.5	0	73	0.1
-88.35	38.28	0	50	0.05
-88.27	38.15	0	81	0.05
-89.17	38.16	0	72	0.1
-89.21	38.02	0	29	0.1
-88.95	38	0	99	0.2
-89.92	38.07	0	76	0.2
-81.617	31.233	0	12	0.2
-107.9	39.53	0	110	0.2
-102.134	37.854	0	170	0.05
-102.316	37.75	0	88	0.05
-104.98	40.55	0	166	0.3
-104.55	39.93	0	149	0.05
-104.6	39.8	0	170	0.05
-104.45	39.75	0	168	0.05
-104.63	39.55	0	171	0.05
-108.88	40.1	1.5	102	0.05
-117.41	34.3	1.5	57	0.2
-117.78	34.73	1.5	4	0.05
-118.52	34.73	0	35	0.1
-119.26	35.07	0	10	0.3
-119.23	35.06	0	0	0.3
-119.66	35.29	0	15	0.05
-118.8	35.21	0	18	0.05
-119.45	35.26	0	65	0.3
-118.81	35.22	0	6	0.05
-118.83	35.19	0	18	0.1
-119.228	35.08	0	10	0.1
-119.32	35.06	0	56	0.1
-119.07	34.99	0	54	0.2
-115.241	32.799	0	51	0.05
-115.241	32.799	0	148	0.2
-115.933	33.223	0	71	0.05
-124.113	40.546	0	138	0.05
-121.817	38.627	0	157	0.05
-121.507	38.151	0	145	0.05
-121.78	38.217	0	126	0.05
-119.777	36.349	0	145	0.05
-104.42	29.54	0	21	0.2
-120.111	36.625	0	119	0.05
-119.656	35.893	0	116	0.05
-120.142	35.933	0	167	0.05
-120.142	35.933	0	40	0.2
-119.73	35.907	0	153	0.05
-121.498	37.801	0	126	0.05
-121.174	37.641	0	133	0.05
-118.77	35.298	0	20	0.05
-118.777	35.298	0	128	0.1
-119.992	36.612	0	134	0.05
-106.67	35.87	0	29	0.3
-121.626	36.928	0	152	0.05
-121.236	36.21	0	136	0.05
-120.795	35.885	0	124	0.05
-120.109	35.835	0	112	0.05
-119.46	35.272	0	125	0.05
-119.46	35.272	0	9	0.2
-119.207	34.969	0	123	0.05
-120.548	35.764	0	105	0.05
-119.072	35.023	0	71	0.05
-72.467	41.517	2.5	89	0.2
-119.09	35.15	0	17	0.2
-118.405	34.413	0	139	0.05
-118.643	34.43	0	145	0.05
-118.643	34.43	0	128	0.05
-118.968	34.338	0	146	0.05
-119.12	35.09	0	8	0.3
-119.21	35.07	0	175	0.3
-119.36	35.26	0	50	0.2
-119.29	35.16	0	13	0.2
-119.33	35.14	0	18	0.3
-108.3	43.2	0	152	0.2
-119.17	35.16	0	21	0.1
-118.89	35.23	0	18	0.2
-119.02	35.02	0	75	0.3
-119.23	35.08	0	15	0.05
-119.32	35.04	0	175	0.3
-119.71	35.59	0	50	0.05
-119.1	35.08	0	178	0.3
-119.2	35.06	0	15	0.2
-118.85	35.25	0	50	0.05
-119.04	35.01	0	64	0.2
-81.584	37.253	0	165	0.05
-115.933	33.223	0	150	0.2
-124.113	40.546	0	65	0.1
-122.345	39.876	0	74	0.3
-122.044	40.01	0	55	0.2
-122.212	40.101	0	44	0.2
-121.817	38.627	0	47	0.2
-121.99	38.42	0	44	0.2
-121.507	38.151	0	62	0.2
-121.726	38.174	0	43	0.2
-121.906	39.49	0	82	0.05
-79.33	38.954	0	169	0.05
-122.281	37.351	0	59	0.2
-121.467	38.094	0	49	0.1
-121.78	38.217	0	38	0.2
-119.847	36.026	0	39	0.3
-120.778	36.477	0	28	0.2
-119.777	36.349	0	54	0.1
-119.875	35.956	0	58	0.3
-121.263	37.716	0	49	0.2
-120.111	36.625	0	53	0.2
-120.251	35.993	0	43	0.1
-80.461	37.943	0	35	0.1
-120.91	35.991	0	42	0.2
-119.656	35.893	0	47	0.3
-119.852	35.956	0	46	0.2
-121.71	37.7	0	30	0.1
-119.73	35.907	0	50	0.2
-121.398	37.811	0	38	0.2
-121.498	37.807	0	35	0.2
-121.281	36.221	0	48	0.1
-121.174	37.641	0	31	0.2
-119.992	36.612	0	53	0.2
-80.47	37.92	0	41	0.2
-119.913	36.078	0	44	0.3
-121.626	36.928	0	55	0.05
-120.841	36.288	0	69	0.2
-120.572	37.196	0	64	0.2
-121.214	37.692	0	35	0.2
-119.775	36.253	0	51	0.2
-121.252	36.261	0	44	0.2
-121.236	36.21	0	49	0.05
-121.621	36.916	0	59	0.05
-120.795	35.885	0	57	0.2
-78.86	38.98	0	29	0.05
-120.014	35.27	0	24	0.1
-120.024	36.265	0	40	0.2
-119.978	36.194	0	39	0.2
-121.347	36.278	0	44	0.1
-118.843	35.625	0	22	0.1
-120.61	35.036	0	19	0.05
-121.056	37.461	0	62	0.2
-119.915	36.099	0	44	0.3
-119.845	35.608	0	21	0.2
-119.715	35.568	0	63	0.2
-81	39.2	0	85	0.1
-119.714	35.58	0	56	0.2
-119.593	35.606	0	26	0.2
-119.671	35.341	0	38	0.2
-119.566	35.305	0	29	0.2
-120.109	35.835	0	58	0.1
-119.524	35.243	0	12	0.2
-119.418	35.277	0	48	0.2
-119.3	35.433	0	27	0.3
-119.512	35.313	0	42	0.05
-119.042	35.539	0	170	0.2
-79.04	39.46	0	53	0.2
-99.43	26.91	0	1	0.3
-119.635	35.431	0	22	0.2
-119.07	35.03	0	44	0.1
-119.185	34.954	0	58	0.1
-120.305	34.818	0	53	0.2
-119.171	35.158	0	20	0.2
-119.721	34.965	0	52	0.05
-120.217	34.792	0	44	0.2
-119.207	34.969	0	40	0.1
-119.11	35.12	0	4	0.3
-120.548	35.764	0	16	0.3
-82.16	38.08	0	65	0.1
-119.364	35.543	0	27	0.3
-119.344	35.547	0	20	0.2
-119.428	35.605	0	26	0.2
-119.11	35.081	0	173	0.2
-117.953	33.928	0	178	0.1
-118.58	34.413	0	69	0.1
-118.405	34.039	0	16	0.2
-119.517	34.89	0	44	0.1
-118.338	33.957	0	18	0.1
-119.151	34.428	0	61	0.05
-81.88	38.86	0	60	0.1
-118.412	34.06	0	49	0.2
-118.528	34.422	0	38	0.2
-119.138	34.428	0	62	0.2
-119.113	34.43	0	24	0.1
-118.303	33.971	0	16	0.2
-119.151	34.445	0	29	0.1
-120.113	34.793	0	29	0.05
-120.23	34.723	0	56	0.2
-120.271	34.846	0	44	0.2
-120.27	34.853	0	9	0.2
-82.13	38.87	0	75	0.1
-119.255	34.889	0	25	0.1
-118.968	34.338	0	67	0.2
-117.414	34.3	1.5	90	0.05
-120.254	36.406	0	48	0.1
-119.709	35.446	1.5	16	0.1
-119.463	35.283	0	35	0.3
-117.87	34.45	1.5	160	0.2
-91.818	35.34	0	75	0.1
-80.84	39.67	0	67	0.1
-90.034	35.898	0	73	0.3
-93.491	35.208	0	50	0.05
-94.386	35.356	0	33	0.1
-94.335	35.51	0	56	0.05
-93.611	35.498	0	26	0.05
-93.762	35.278	0	76	0.05
-94.107	35.193	0	162	0.05
-92.783	35.366	0	42	0.05
-92.941	35.312	0	125	0.05
-93.646	35.536	0	65	0.05
-89	43.18	2.5	57	0.2
-93.617	35.663	0	118	0.05
-92.816	35.045	0	30	0.05
-93.545	35.113	0	95	0.3
-92.974	35.402	0	68	0.05
-94.159	35.224	0	91	0.05
-93.248	33.373	0	89	0.2
-149.23	70.48	0	147	0.05
-149.4	70.47	0	114	0.05
-150.08	70.41	0	75	0.05
-148.76	70.4	0	147	0.05
-148.24	70.39	0	134	0.05
-148.2	70.35	0	136	0.05
-148.84	70.32	0	92	0.05
-147.61	70	0	140	0.05
-149.57	69.15	0	82	0.05
-148.4	70.48	0	158	0.1
-148.05	70.37	0	132	0.1
-148.34	70.36	0	92	0.1
-147.86	70.33	0	146	0.1
-147.86	70.33	0	82	0.1
-123.87	48.15	0	155	0.1
-146.53	69.71	0	175	0.1
-146.28	69.66	0	118	0.1
-148	70.2	0	135	0.1
-98.5	28.5	0	29	0.2
-102.237	35.366	0	30	0.05
-102.335	35.297	0	127	0.1
-96.962	33.879	0	8	0.1
-96.654	33.732	0	47	0.1
-96.949	33.904	0	89	0.1
-102.513	33.621	0	70	0.1
-102.723	33.403	0	71	0.05
-102.302	33.712	0	115	0.05
-102.092	33.741	0	107	0.1
-102.33	35.404	0	66	0.05
-102.104	35.417	0	50	0.05
-102.064	35.311	0	110	0.05
-102.468	35.396	0	175	0.05
-102.252	35.355	0	40	0.05
-102.278	35.365	0	168	0.05
-102.351	35.368	0	30	0.05
-122.004	47.05	0	179	0.05
-102.213	35.371	0	47	0.05
-102.315	35.397	0	50	0.05
-102.368	35.328	0	32	0.05
-102.239	35.4	0	130	0.05
-102.432	35.432	0	24	0.05
-102.311	35.336	0	161	0.05
-102.331	35.388	0	56	0.05
-102.301	35.355	0	58	0.05
-102.379	35.443	0	23	0.05
-102.368	35.377	0	105	0.05
-122.5	47.808	0	115	0.1
-99.12	26.45	0	33	0.2
-102.242	35.316	0	65	0.05
-102.241	35.283	0	140	0.05
-102.298	35.386	0	40	0.05
-102.163	35.39	0	109	0.1
-102.26	35.379	0	44	0.05
-102.372	35.465	0	117	0.1
-101.178	35.853	0	121	0.05
-101.751	36.386	0	128	0.05
-100.116	35.418	0	19	0.05
-122.4	47.97	0	110	0.05
-94.2	33	0	77	0.1
-94.53	31.88	0	68	0.1
-94.63	32.38	0	57	0.1
-95	32.74	0	56	0.1
-95.57	32.9	0	72	0.1
-95.9	32.38	0	64	0.1
-96.38	31.9	0	54	0.1
-96.58	31.28	0	54	0.1
-82.92	36.4	0	71	0.1
-81.69	33.22	2.5	65	0.3
-76.26	41.813	0	59	0.2
-77.567	41.363	0	67	0.2
-76.343	41.7	0	72	0.1
-80.26	41.28	0	48	0.05
-80.1	41.91	0	25	0.05
-123.747	43.603	0	3	0.2
-123.472	45.993	0	164	0.05
-124.212	43.229	0	170	0.2
-123.715	43.39	0	174	0.05
-123.864	43.413	0	178	0.1
-123.238	43.446	0	69	0.05
-123.747	43.603	0	167	0.05
-123.409	43.78	0	174	0.05
-123.055	44.24	0	172	0.05
-123.076	44.696	0	130	0.05
-122.934	45.116	0	10	0.05
-122.945	45.117	0	2	0.05
-123.306	45.987	0	52	0.2
-123.299	45.984	0	40	0.2
-123.208	45.993	0	28	0.1
-123.208	46.032	0	12	0.1
-123.3	46.05	0	58	0.1
-97.476	34.022	0	53	0.05
-97.595	34.137	0	133	0.05
-95.554	34.888	0	155	0.05
-96.757	34.108	0	70	0.1
-97.286	34.326	0	75	0.05
-97.287	34.337	0	59	0.1
-97.23	34.008	0	73	0.05
-97.238	33.695	0	13	0.05
-97.352	33.96	0	142	0.05
-97.474	34.004	0	136	0.05
-97.351	33.976	0	11	0.05
-97.444	34.019	0	178	0.05
-97.279	33.928	0	12	0.05
-97.595	34.137	0	42	0.1
-97.454	34.019	0	58	0.05
-97.281	33.947	0	56	0.05
-97.331	33.956	0	19	0.1
-97.32	33.963	0	28	0.1
-97.423	34.006	0	171	0.05
-97.476	34.022	0	53	0.2
-97.492	34.023	0	58	0.05
-97.387	33.976	0	8	0.1
-97.609	34.148	0	58	0.05
-97.626	34.151	0	103	0.05
-97.579	34.119	0	160	0.05
-97.617	34.079	0	138	0.05
-97.282	33.959	0	48	0.05
-97.266	33.949	0	71	0.05
-120.467	46.75	0	9	0.2
-97.486	34.068	0	47	0.05
-97.614	34.118	0	115	0.05
-97.648	34.107	0	141	0.05
-97.316	34.047	0	105	0.05
-101.658	36.618	0	100	0.05
-97.497	35.618	0	78	0.05
-97.956	35.602	0	18	0.05
-97.731	35.659	0	89	0.1
-98.24	34.725	0	124	0.1
-99.374	35.295	0	90	0.1
-120.225	47.035	0	22	0.2
-99.899	35.324	0	148	0.05
-99.387	35.472	0	44	0.05
-98.858	36.348	0	45	0.05
-99.513	35.388	0	97	0.05
-97.217	34.958	0	88	0.05
-96.927	35.823	0	87	0.05
-100.303	36.508	0	122	0.05
-98.22	35.763	0	98	0.05
-97.777	35.415	0	98	0.05
-97.732	34.729	0	95	0.2
-122.4	47.97	0	15	0.2
-99.49	27.27	0	20	0.2
-70.533	42.633	0	86	0.1
-118.143	33.785	0	155	0.05
-118.143	33.785	0	28	0.05
-124.191	40.614	0	135	0.05
-124.191	40.546	0	45	0.05
-119.71	34.22	0	40	0.2
-120.7	34.68	0	72	0.2
-120.75	34.76	0	57	0.2
-118.181	33.814	0	19	0.1
-124.191	40.614	0	81	0.2
-120.645	34.969	0	21	0.1
-120.647	35.256	0	25	0.1
-119.361	34.33	0	178	0.2
-119.203	34.244	0	22	0.1
-119.131	34.218	0	13	0.2
-117.667	33.475	0	20	0.2
-73.08	39.47	0	82	0.05
-72.53	39.33	0	58	0.1
-73.083	39.433	0	43	0.1
-72.817	39.117	0	38	0.1
-72.75	39.067	0	43	0.05
-72.65	39.167	0	59	0.2
-72.467	39.367	0	67	0.3
-72.767	38.917	0	61	0.1
-73.167	38.4	0	52	0.1
-73.55	38.717	0	67	0.2
-73.383	38.483	0	42	0.1
-72.55	38.717	0	58	0.1
-72.517	39.367	0	93	0.05
-73.467	38.75	0	57	0.2
-73.217	38.433	0	53	0.3
-142.4	59.95	0	161	0.1
-143.28	59.9	0	167	0.1
-142.03	59.89	0	2	0.1
-142.9	59.88	0	163	0.1
-142.27	59.86	0	159	0.1
-142.97	59.77	0	165	0.1
-143.13	59.71	0	165	0.1
-142.98	59.68	0	18	0.1
-144.03	59.66	0	17	0.1
-143.27	59.61	0	178	0.1
-123.809	45.893	0	23	0.2
-123.698	46.007	0	8	0.2
-123.677	46.106	0	168	0.3
-67.5	40.683	0	103	0.2
-67.783	40.65	0	96	0.2
-67.21	40.55	0	78	0.2
-67.95	40.817	0	91	0.05
-67.6	41	0	101	0.3
-67.267	40.817	0	98	0.05
-67.383	40.767	0	97	0.2
-67.5	40.833	0	88	0.3
-68.3	40.933	0	78	0.2
-80.283	30.6	0	40	0.1
-80.267	30.433	0	20	0.1
-80.533	30.567	0	31	0.05
-122.723	48.914	0	5	0.2
-124.146	47.135	0	24	0.05
-124.167	47.05	0	168	0.05
-124.428	47.787	0	110	0.1
-124.135	47.208	0	5	0.1
-123.68	47.11	0	27	0.2
-122.251	47.792	0	146	0.05
-122.251	47.792	0	88	0.2
-47.96	47.12	0	103	0.2
-48.74	46.85	0	99	0.2
-48.78	46.75	0	90	0.3
-48.83	46.75	0	91	0.3
-48.84	46.73	0	89	0.2
-48.76	46.79	0	85	0.3
-48.53	46.54	0	56	0.2
-54.39	45.25	0	78	0.2
-54.5	45.39	0	89	0.2
-48.31	47.38	0	29	0.1
-50.13	48.4	0	114	0.1
-48.33	45.86	0	180	0.3
-48.2	47.51	0	60	0.3
-49.3	49.62	0	42	0.3
-48.35	46.58	0	92	0.3
-48.37	46.98	0	27	0.1
-48.37	46.98	0	36	0.2
-61.912	46.656	0	30	0.2
-61.625	46.604	0	20	0.2
-59.81	46.56	0	69	0.2
-61.138	47.189	0	60	0.1
-65.936	45.147	0	66	0.05
-58.357	44.445	0	106	0.05
-59.114	43.997	0	52	0.2
-51.075	51.173	0	7	0.3
-129.357	70.782	0	43	0.2
-62.14	58.874	0	124	0.05
-62.14	58.874	0	22	0.2
-46.89	47.32	0	34	0.2
-48.79	46.79	0	103	0.05
-48.79	46.79	0	16	0.1
-46.89	47.32	0	92	0.05
-48.78	47.04	0	22	0.05
-48.78	47.04	0	164	0.1
-54.711	53.937	0	2	0.05
-54.398	54.364	0	22	0.3
-55.253	54.411	0	28	0.1
-55.675	54.651	0	23	0.05
-55.768	54.852	0	98	0.1
-58.231	55.497	0	26	0.05
-57.71	55.53	0	58	0.05
-57.748	55.531	0	11	0.2
-58.848	55.873	0	28	0.1
-59.966	57.329	0	43	0.05
-61.769	58.44	0	122	0.1
-61.778	58.871	0	19	0.05
-62.98	62.18	0	20	0.1
-59.11	62.94	0	80	0.2
-92.27	19.39	0	179	0.2
-92.21	19.41	0	7	0.2
-92.6	18.79	0	168	0.1
-92.73	19.19	0	3	0.05
-92.83	18.94	0	38	0.2
-92.28	19.15	0	13	0.05
-92.28	19.49	0	41	0.2
-91.92	19.08	0	23	0.2
-114.25	31.27	0	14	0.2
-114.78	27.54	1	155	0.3
-105.97	21.97	0	8	0.2
-105.85	22.18	0	166	0.2
-88.424	16.016	0	40	0.2
-63.76	46.49	0	155	0.05
-63.76	46.49	0	65	0.05
-61.44	47.8	0	60	0.1
-131.338	69.477	0	34	0.1
-134.321	69.614	0	36	0.2
-134.37	69.939	0	43	0.2
-135.391	69.57	0	70	0.2
-135.818	69.404	0	50	0.3
-131.337	69.483	0	34	0.1
-89.757	78.28	0	60	0.2
-109	77.5	0	56	0.1
-105.103	77.238	0	55	0.2
-108	77	0	15	0.1
-113.723	76.712	0	64	0.1
-109.5	77	0	60	0.1
-59.82	46.23	0	50	0.2
-60.25	46.36	0	50	0.1
-98.49	24.71	0	24	0.2
-100.01	22.07	0	154	0.3
-99.26	20.36	0	8	0.2
-99.03	20.4	0	163	0.2
-98.41	21.14	0	164	0.05
-98.25	21.04	0	2	0.2
-99.18	19.32	0	84	0.3
-101.7	27.75	0	126	0.05
-99	21.62	0	145	0.2
-101.05	27.07	0	159	0.2
-101.01	26.88	0	155	0.3
-102.04	27.6	0	148	0.3
-102.01	27.11	0	155	0.2
-101.21	26.1	0	115	0.1
-101.43	27.08	0	173	0.2
-102.62	27.84	0	175	0.2
-100.77	28.94	0	7	0.2
-103.18	27.82	0	161	0.2
-101.36	26.94	0	179	0.2
-99.11	21.98	0	7	0.2
-101.42	26.94	0	147	0.2
-100.51	28.5	0	24	0.2
-93.37	17.8	0	152	0.2
-93.24	17.55	0	164	0.3
-92.63	17.3	0	17	0.2
-92.19	17.49	0	24	0.2
-93.47	17.53	0	77	0.2
-98.85	21.71	0	31	0.1
-93	17.29	0	59	0.1
-93.4	17.51	0	117	0.3
-103.57	19.08	0	5	0.3
-104.51	26.47	0	178	0.05
-104.67	28.85	0	4	0.05
-97.78	21.55	0	155	0.2
-98.27	21.24	0	21	0.2
-97.47	20.47	0	18	0.2
-97.23	20.53	0	175	0.2
-99.43	21.45	0	32	0.2
-97.72	20.85	0	14	0.2
-97.8	20.96	0	9	0.2
-97.79	21.03	0	0	0.2
-97.67	20.92	0	2	0.1
-96.46	19.01	0	122	0.2
-92.72	18.29	0	32	0.2
-93.45	18.1	0	134	0.2
-93.25	18.12	0	160	0.3
-114.97	31.87	0	149	0.2
-100.77	26.67	0	169	0.1
-93.45	18.09	0	145	0.1
-92.82	18.2	0	32	0.1
-93.98	18.1	0	82	0.2
-93.76	18.34	0	101	0.2
-93.96	18.15	0	113	0.2
-99.93	23.12	0	136	0.05
-98.08	24.72	0	34	0.2
-99.28	26.43	0	5	0.2
-111.95	25.06	0	130	0.2
-99.48	27	0	33	0.2
-100.85	26.39	0	161	0.2
-88.552	15.367	0	45	0.2
-90.76	17.51	0	26	0.2
-90.23	15.92	0	38	0.2
-89.59	16.06	0	45	0.2
-90.75	17.2	0	30	0.05
-90.36	16.14	0	32	0.3
-90.7	17.38	0	13	0.1
-90.36	15.99	0	24	0.1
-90.34	17.08	0	34	0.2
-90.1	16.06	0	44	0.3
-90.32	16.05	0	41	0.1
-90.14	16.04	0	38	0.1
-123.82	60.4	0	157	0.2
-138.43	66.56	0	40	0.2
-126.91	65.27	0	34	0.2
-124.1	60.12	0	54	0.2
-123.88	60.43	0	72	0.2
-123.91	60.4	0	65	0.2
-121.18	60.47	0	59	0.2
-129.18	65.87	0	17	0.2
-125.58	64.15	0	124	0.2
-117.44	53.21	0	67	0.1
-125.45	64.41	0	138	0.2
-132.45	66.08	0	174	0.2
-131.82	65.52	0	16	0.2
-133.97	66.15	0	169	0.2
-134.73	66.34	0	174	0.2
-135.15	68.12	0	62	0.2
-126.88	65.27	0	41	0.2
-121.02	59.7	0	78	0.2
-59.23	47.96	0	70	0.1
-65.78	45.49	0	178	0.05
-65.78	45.49	0	66	0.05
-114.35	50.35	0	153	0.05
-114.44	49.72	0	147	0.05
-114.48	50.72	0	165	0.05
-114.75	51.05	0	138	0.05
-115.05	51.97	0	131	0.05
-115.05	51.84	0	151	0.05
-116.84	52.8	0	119	0.05
-117.14	57.65	0	144	0.05
-117.81	53.3	0	117	0.05
-118.02	59.04	0	145	0.05
-118.19	53.59	0	85	0.05
-118.95	59.07	0	176	0.05
-115.84	53.18	0	47	0.05
-121.68	58.7	0	171	0.05
-115.69	53.3	0	37	0.2
-116.93	53.09	0	57	0.2
-113.42	50.03	0	53	0.2
-114.44	49.72	0	37	0.1
-114.45	49.75	0	31	0.1
-114.75	51.05	0	37	0.2
-114.35	50.23	0	52	0.2
-114.35	50.35	0	50	0.1
-114.48	50.72	0	64	0.2
-114.55	50.77	0	58	0.2
-114.62	50.87	0	45	0.2
-115.43	51.91	0	48	0.1
-114.79	51.18	0	65	0.05
-110.13	51.18	0	53	0.2
-114.65	51.44	0	52	0.3
-115.75	53.17	0	44	0.2
-114.94	51.83	0	64	0.2
-115.05	51.84	0	61	0.05
-115.1	51.96	0	49	0.2
-115.52	52.2	0	61	0.3
-114.11	52.02	0	43	0.1
-115.05	51.97	0	52	0.2
-115.43	53.21	0	47	0.2
-115.55	51.98	0	81	0.2
-115.11	52.08	0	33	0.2
-117.23	53.27	0	61	0.3
-111.53	53.34	0	56	0.1
-117.11	53.31	0	49	0.3
-115.25	52.18	0	32	0.3
-117.81	53.3	0	56	0.2
-115.26	53.38	0	42	0.05
-118.19	53.59	0	45	0.2
-115.52	53.43	0	30	0.05
-116.94	53.43	0	39	0.3
-111.79	53.46	0	42	0.2
-115.38	53.47	0	42	0.2
-117.03	53.49	0	35	0.2
-116.57	54.03	0	48	0.2
-116.56	54.04	0	46	0.1
-116.56	54.07	0	44	0.2
-116.57	54.1	0	47	0.1
-118.64	54.74	0	41	0.2
-115.34	56.01	0	33	0.05
-122.67	58.09	0	62	0.3
-115.37	56.03	0	25	0.2
-115.35	56.04	0	31	0.05
-115.43	56.07	0	29	0.1
-115.3	52.24	0	30	0.2
-118.81	56.13	0	16	0.2
-115.23	56.58	0	56	0.05
-115.27	56.57	0	28	0.1
-118.73	57.35	0	53	0.2
-118.78	58.95	0	30	0.05
-109.3	53.47	0	31	0.1
-138.735	69.131	0	43	0.2
-138.949	69.342	0	30	0.1
-135.13	65.69	0	38	0.2
-140.29	65.8	0	0	0.2
-115.52	53.23	0	49	0.2
-140.1	66.36	0	165	0.2
-137.13	68.27	0	54	0.2
-135.55	68.37	0	58	0.2
-109.58	49.33	0	49	0.1
-109.61	49.36	0	43	0.05
-108.42	49.73	0	13	0.05
-115.53	52.32	0	54	0.2
-122.17	58.41	0	67	0.3
-109.48	52.69	0	73	0.2
-118.95	58.74	0	69	0.05
-119.1	58.71	0	60	0.1
-77.42	53.78	2.5	176	0.05
-72.34	46	0	52	0.2
-64.55	48.83	0	65	0.2
-72.8	45.76	0	30	0.2
-72.41	46.37	0	53	0.2
-71.7	46.35	0	51	0.1
-71.61	46.49	0	53	0.1
-71.58	46.52	0	62	0.2
-72.77	45.74	0	35	0.1
-71.6	46.51	0	66	0.1
-71.57	46.5	0	62	0.2
-71.66	46.4	0	47	0.2
-72.43	45.8	0	43	0.1
-72.63	46.18	0	46	0.1
-69.46	47.61	0	45	0.1
-71.57	46.66	0	60	0.2
-118.02	59.04	0	56	0.05
-66.95	48.44	0	54	0.2
-118.95	59.07	0	82	0.05
-121.68	58.7	0	63	0.2
-82.52	46.48	2.5	61	0.05
-84.8	48.2	2.5	3	0.05
-81	46.5	2.5	86	0.1
-81.35	48.19	2.5	80	0.1
-82.6	46.3	2.5	77	0.1
-81.6	46.8	2.5	84	0.1
-81.5	42.8	0	61	0.1
-137.454	68.772	0	29	0.05
-136.228	68.651	0	42	0.3
-119.25	59.25	0	39	0.05
-131.612	69.709	0	28	0.2
-132.743	69.388	0	30	0.2
-132.803	69.445	0	70	0.1
-132.805	69.315	0	66	0.2
-133.362	69.2	0	34	0.2
-133.767	68.762	0	78	0.2
-133.768	68.888	0	44	0.3
-116.84	52.8	0	44	0.2
-134.414	68.848	0	66	0.3
-134.612	68.989	0	58	0.2
-134.805	68.833	0	52	0.2
-134.897	68.34	0	69	0.3
-134.944	69.357	0	59	0.3
-134.993	69.404	0	70	0.2
-135.066	69.259	0	65	0.3
-135.104	69.092	0	46	0.2
-135.13	68.271	0	68	0.2
-135.153	68.121	0	68	0.3
-135.156	68.844	0	65	0.3
-135.249	69.292	0	68	0.2
-135.304	68.881	0	30	0.1
-135.386	69.402	0	27	0.2
-137.454	68.772	0	77	0.2
-135.426	69.353	0	57	0.2
-135.854	69.209	0	65	0.2
-135.883	68.734	0	46	0.2
-134.98	69.23	0	36	0.2
-135.573	67.223	0	30	0.2
-124.13	60.13	0	38	0.1
-84	80	0	56	0.1
-87	79.5	0	60	0.1
-117	73.5	0	66	0.1
-110	76.5	0	11	0.1
-121.06	59.79	0	0	0.1
-88.39	18.44	0	13	0.2
-88.39	17.97	0	40	0.1
-88.79	17.25	0	36	0.2
-111.26	42.15	0.5	2	0.2
-112.07	41.702	0.5	1	0.2
-112.03	41.34	0.5	150	0.2
-112.27	40.31	0.5	174	0.2
-111.63	40.26	0.5	172	0.2
-111.57	40.16	0.5	159	0.2
-111.83	39.86	0.5	33	0.2
-98.5	34.8	1.5	74	0.2
-101.87	34.78	1	45	0.1
-103.8	44.35	0.5	50	0.05
-83.347	34.517	2.5	51	0.3
-82.87	35	2.5	60	0.1
-121.8	42.317	0.5	140	0.2
-121.683	42.133	0.5	167	0.2
-83.92	40.64	2.5	70	0.2
-117.33	40.37	0.5	30	0.1
-116	38.25	0.5	30	0.3
-116	37	1	30	0.3
-106.83	35.92	0.5	10	0.3
-108	34.22	0.5	28	0.1
-108.93	34.07	0.5	35	0.1
-108.17	34.95	0.5	25	0.1
-108.34	34.72	0.5	19	0.2
-106.59	35.49	0.5	13	0.1
-106.57	35.45	0.5	174	0.1
-106.49	35.49	0.5	175	0.1
-106.23	36.12	0.5	0	0.3
-105.76	36.52	0.5	4	0.1
-106.37	36.65	0.5	7	0.1
-104.48	35.87	0.5	127	0.1
-104.38	36.62	0.5	100	0.3
-104.11	36.99	0.5	76	0.1
-103.87	36.84	0.5	91	0.1
-103.2	36.53	0.5	102	0.1
-103.6	36.48	0.5	105	0.1
-106.18	35.63	0.5	14	0.3
-107.51	35.18	0.5	24	0.1
-107.49	35.12	0.5	28	0.1
-107.35	35.22	0.5	17	0.3
-108.87	34.25	0.5	42	0.1
-105.95	36.84	0.5	8	0.1
-105.41	36.99	0.5	16	0.1
-104.5	36.87	0.5	126	0.1
-104.56	36.76	0.5	108	0.3
-104.33	36.62	0.5	113	0.3
-103.9	36.29	0.5	105	0.3
-104.9	36.42	0.5	138	0.3
-106.83	35.92	0.5	35	0.3
-106.8	35.67	0.5	13	0.1
-107.48	35.4	0.5	28	0.1
-107.63	35.33	0.5	17	0.3
-106.77	35.15	0.5	3	0.2
-107.85	35	0.5	23	0.1
-106.87	34.88	0.5	15	0.1
-107.36	34.76	0.5	30	0.1
-107.54	34.57	0.5	8	0.1
-107.33	34.55	1	5	0.2
-106	33.78	0.5	94	0.1
-107	32	0.5	10	0.1
-107.8	31.83	0.5	0	0.3
-109	41.75	0.5	150	0.2
-109.45	41.55	1.5	150	0.1
-81.4	38	2.5	64	0.2
-80.42	39.75	2.5	96	0.3
-78.116	39.56	2.5	27	0.3
-82	38.14	2	60	0.2
-87.85	44.07	2.5	60	0.2
-119.682	46.533	2.5	2	0.2
-119.574	46.438	2.5	23	0.2
-111.41	40.608	0.5	150	0.1
-111.31	40.8	0.5	106	0.3
-112.85	38.51	0.5	35	0.1
-113.55	37.4	0.5	25	0.3
-111.17	38.708	0.5	170	0.2
-77.17	39.25	2.5	145	0.1
-76.92	38.7	2.5	122	0.05
-94	32.67	1	90	0.1
-89.9	42.42	2	48	0.1
-89.35	39.3	2	62	0.1
-113.3	42.2	0.5	72	0.05
-113.3	42.2	0.5	29	0.1
-116.06	47.33	0.5	105	0.1
-107.9	39.53	0.5	120	0.1
-108.38	39.83	1.5	110	0.3
-105.83	39.77	0.5	128	0.05
-121.35	36.69	1.5	178	0.1
-119.5	38.5	1.5	5	0.1
-119.375	37.875	1.5	3	0.1
-118.3	37.5	0.5	30	0.1
-119	37.375	1.5	19	0.1
-119	37.15	1	25	0.05
-118.5	36.75	1.5	47	0.1
-118.2	36.75	1.5	12	0.2
-109.63	34.23	0.5	8	0.1
-113.17	36.42	0.5	0	0.1
-114.73	36.03	1	36	0.05
-111.42	35.55	0.5	35	0.1
-110.17	35.42	0.5	125	0.3
-111.42	35.25	0.5	120	0.2
-111.96	35.08	0.5	125	0.2
-113.21	34.58	0.5	32	0.1
-110.6	34.02	0.5	27	0.05
-109.68	34.14	0.5	105	0.3
-111.7	33	0.5	163	0.05
-113.5	32.12	0.5	0	0.1
-109.3	31.45	0.5	28	0.2
-149.5	66.4	0.5	168	0.05
-144.5	65.5	1.5	20	0.1
-165	65.2	0.5	90	0.1
-163	65.1	0.5	90	0.1
-156	64.7	1.5	110	0.1
-149	63.9	2.5	180	0.05
-146.5	63.5	1.5	180	0.1
-150	61.5	1.5	100	0.1
-145	63.2	1.5	160	0.1
-143	62.5	1.5	13	0.1
-138	59	1.5	7	0.1
-147.4	60.25	2.5	135	0.05
-147.6	59.8	2.5	127	0.1
-111.96	26.82	1	150	0.3
-111.96	26.82	1	2	0.3
-109.7	23.72	1	139	0.3
-114.78	27.54	1	2	0.3
-114.43	27.22	1	26	0.3
-113.22	28.65	1	155	0.3
-99.92	19.84	0.5	83	0.3
-100.07	20.01	0.5	133	0.3
-98.81	19.17	0.5	72	0.1
-99.41	19.19	0.5	89	0.1
-101.09	19.79	0.5	32	0.3
-100.88	19.8	0.5	54	0.3
-112.33	27.41	1	150	0.3
-100.34	19.85	0.5	67	0.3
-100.17	19.85	0.5	45	0.3
-100.35	19.8	0.5	77	0.1
-100.12	19.91	0.5	117	0.05
-100.44	19.77	0.5	77	0.1
-100.33	19.83	0.5	80	0.1
-100.33	19.82	0.5	40	0.1
-101.32	19.06	0.5	36	0.1
-102.08	19.13	0.5	19	0.1
-112.33	27.41	1	1	0.3
-102.42	19.28	0.5	51	0.1
-101.29	19.74	0.5	81	0.1
-100.9	19.78	0.5	88	0.1
-100.77	19.88	0.5	90	0.05
-100.52	19.85	0.5	93	0.1
-100.34	19.84	0.5	90	0.05
-100.23	19.88	0.5	81	0.05
-112.26	27.29	1	2	0.3
-109.73	23.23	1	136	0.3
-102.64	19.37	0.5	57	0.1
-98.35	19.73	0.5	52	0.2
-98.63	19.97	0.5	56	0.2
-98.47	19.79	0.5	61	0.2
-100.88	20.09	0.5	100	0.1
-101.27	20.11	0.5	76	0.1
-98.98	19.33	0.5	75	0.1
-111.76	26.55	1	157	0.3
-111.76	26.55	1	0	0.3
-111.63	26.43	1	179	0.3
-111.43	26.11	1	166	0.3
-110.73	24.28	1	147	0.3
-96.96	19.17	0.5	67	0.1
-97.05	19.59	0.5	52	0.1
-94.86	18.29	0.5	114	0.1
-95.16	18.44	0.5	124	0.1
-107.17	31.08	0.5	0	0.1
-97.44	19.68	0.5	42	0.1
-97.35	18.93	0.5	44	0.05
-98.33	19.06	0.5	93	0.1
-97.65	19.32	0.5	82	0.1
-97.4	19.26	0.5	76	0.1
-97.54	19.12	0.5	91	0.1
-113.7	28.94	1	142	0.3
-99.27	19.1	0.5	89	0.1
-113	27.02	1	160	0.3
-79.58	43.57	2.5	114	0.05
-79.907	43.515	2.5	37	0.1
-79.55	50.13	2.5	71	0.05
-80.02	48.17	2.5	168	0.1
-66.582	46.977	2.5	65	0.05
-66.579	46.977	2.5	54	0.05
-66.514	47.007	2.5	50	0.05
-66.515	47.019	2.5	36	0.05
-66.526	46.977	2.5	97	0.05
-112.935	49.709	1.5	80	0.1
-113.21	43.42	0.5	152	0.3
-128.711	48.442	0	19	0.2
-122.316	59.252	1.5	161	0.05
-119	37.7	1	59	0.1
-118.909	37.68	1	135	0.1
-120.401	34.738	2	65	0.05
-120.615	34.489	2	36	0.2
-120.875	34.558	2	36	0.05
-120.969	35.122	2	53	0.1
-91.639	28.185	0.5	83	0.05
-91.623	28.19	0.5	62	0.05
-91.634	28.185	0.5	62	0.1
-91.656	28.201	0.5	172	0.3
-91.635	28.203	0.5	85	0.05
-90.55	28.194	0.5	23	0.05
-91.688	28.202	0.5	157	0.05
-91.682	28.206	0.5	129	0.2
-91.695	28.21	0.5	122	0.1
-91.686	28.211	0.5	177	0.1
-91.662	28.203	0.5	3	0.1
-91.707	28.166	0.5	77	0.2
-91.679	28.227	0.5	105	0.05
-91.703	28.237	0.5	150	0.05
-91.694	28.245	0.5	120	0.05
-91.668	28.24	0.5	170	0.1
-92.673	28.249	0.5	55	0.05
-91.65	28.254	0.5	82	0.1
-122.928	59.619	0	57	0.2
-119.693	35.189	0	21	0.2
-119.715	35.2	0	8	0.1
-119.933	35.649	1.5	53	0.3
-119.944	35.682	1.5	54	0.3
-119.966	35.714	1.5	36	0.3
-119.922	35.506	1.5	21	0.3
-119.955	35.539	1.5	16	0.3
-119.977	35.572	1.5	40	0.3
-119.868	35.386	1.5	13	0.3
-86.788	56.501	0	33	0.2
-84.134	58.133	0	63	0.05
-87.517	59.847	0	118	0.1
-88.558	59.215	0	47	0.2
-88.775	28.982	0	24	0.05
-88.381	29.145	0	160	0.05
-88.449	29.15	0	24	0.1
-88.471	29.157	0	38	0.05
-88.415	29.105	0	63	0.1
-88.433	29.214	0	150	0.1
-90.203	28.274	0	58	0.05
-90.674	28.348	0	128	0.05
-88.571	28.043	0	36	0.05
-89.168	28.222	0	35	0.1
-88.995	28.505	0	43	0.1
-89.751	28.561	0	89	0.1
-88.894	28.861	0	36	0.05
-88.903	28.849	0	43	0.1
-88.921	28.862	0	139	0.1
-89.803	28.278	0	158	0.1
-90.36	27.248	0	65	0.05
-90.462	27.799	0	119	0.05
-91.107	27.91	0	152	0.05
-90.391	27.924	0	123	0.05
-90.548	27.846	0	27	0.1
-90.524	27.872	0	70	0.05
-91.523	27.769	0	168	0.05
-90.036	28.587	0	73	0.05
-90.002	28.6	0	99	0.1
-90.017	28.647	0	50	0.05
-123.953	59.802	0	19	0.2
-121.628	59.235	1.5	111	0.05
-121.928	59.652	0	145	0.05
-124.359	59.927	0	6	0.05
-123.259	59.935	1.5	13	0.05
-104.246	33.415	0	150	0.05
-101.951	31.745	0	85	0.05
-102.894	32.982	0	70	0.05
-100.674	33.466	0	60	0.05
-100.21	33.512	0	60	0.05
-101.817	31.935	0	95	0.05
-101.816	31.934	0	90	0.05
-101.819	31.932	0	85	0.05
-102.504	30.976	0	120	0.05
-104.281	32.846	0	160	0.05
-103.102	32.161	0	155	0.05
-104.214	32.785	0	105	0.05
-103.04	31.461	0	100	0.05
-103.097	31.301	0	147	0.05
-101.676	31.225	0	68	0.05
-104.096	32.808	0	158	0.05
-104.094	32.817	0	135	0.05
-104.057	32.822	0	135	0.05
-103.95	32.823	0	90	0.05
-104.002	32.821	0	135	0.05
-103.997	32.821	0	135	0.05
-104.109	32.812	0	125	0.05
-104.117	32.812	0	115	0.05
-100.171	33.959	0	90	0.05
-101.825	30.641	0	145	0.05
-103.572	32.236	0	75	0.05
-102.333	31.726	0	130	0.05
-102.61	31.516	0	100	0.05
-102.12	31.379	0	90	0.05
-103.355	32.919	0	85	0.05
-102.133	31.696	0	80	0.05
-102.138	31.708	0	68	0.05
-101.79	31.351	0	98	0.05
-101.871	30.598	0	55	0.05
-103.444	33.225	0	120	0.05
-103.416	33.151	0	110	0.05
-104.51	32.852	0	145	0.05
-104.655	32.394	0	0	0.05
-104.655	32.394	0	20	0.05
-104.7	32.568	0	20	0.05
-103.34	32.83	0	90	0.05
-103.417	32.883	0	75	0.05
-103.333	32.829	0	40	0.05
-102.778	31.084	0	130	0.05
-104.013	32.281	0	40	0.05
-100.219	33.833	0	80	0.05
-104.125	32.682	0	40	0.05
-104.578	32.758	0	170	0.05
-104.651	32.623	0	0	0.05
-104.677	32.63	0	8	0.05
-104.694	32.615	0	0	0.05
-104.656	32.634	0	10	0.05
-103.563	32.76	0	60	0.05
-101.914	31.299	0	100	0.05
-100.67	33.465	0	65	0.05
-100.841	33.4	0	90	0.05
-100.842	33.404	0	70	0.05
-100.209	33.824	0	140	0.05
-103.918	32.765	0	0	0.05
-103.615	32.511	0	60	0.05
-101.683	31.027	0	115	0.05
-104.699	32.688	0	170	0.05
-104.188	32.815	0	130	0.05
-104.186	32.815	0	105	0.05
-104.197	32.821	0	95	0.05
-104.668	32.623	0	0	0.05
-104.574	32.75	0	0	0.05
-104.587	32.743	0	170	0.05
-104.622	32.75	0	0	0.05
-104.621	32.729	0	10	0.05
-104.729	32.648	0	178	0.05
-104.719	32.724	0	5	0.05
-104.669	32.491	0	0	0.05
-103.366	32.6	0	80	0.05
-103.369	32.601	0	65	0.05
-103.169	33.066	0	100	0.05
-104.282	32.329	0	25	0.05
-104.493	32.511	0	25	0.05
-104.752	32.466	0	15	0.05
-103.174	32.4	0	70	0.05
-103.184	32.417	0	75	0.05
-104.583	32.71	0	0	0.05
-103.518	33.346	0	125	0.05
-103.496	33.369	0	120	0.05
-103.544	33.304	0	125	0.05
-104.265	32.496	0	20	0.05
-103.438	33.399	0	125	0.05
-103.53	33.371	0	135	0.05
-103.53	33.348	0	120	0.05
-103.45	33.45	0	120	0.05
-103.348	33.32	0	105	0.05
-104.39	32.699	0	165	0.05
-103.507	33.459	0	125	0.05
-103.529	33.29	0	120	0.05
-103.464	33.474	0	115	0.05
-103.507	33.443	0	125	0.05
-104.273	32.885	0	160	0.05
-104.483	32.568	0	0	0.05
-103.535	33.32	0	115	0.05
-104.32	32.822	0	158	0.05
-102.035	31.289	0	98	0.05
-103.558	32.76	0	85	0.05
-104.246	33.415	0	150	0.05
-102.894	32.982	0	70	0.05
-102.504	30.976	0	120	0.05
-103.097	31.301	0	151	0.05
-100.855	33.525	0	170	0.05
-101.825	30.641	0	150	0.05
-101.871	30.598	0	30	0.05
-103.444	33.225	0	120	0.05
-103.416	33.151	0	110	0.05
-104.51	32.852	0	165	0.05
-104.655	32.394	0	30	0.05
-104.655	32.394	0	20	0.05
-104.7	32.568	0	175	0.05
-103.333	32.829	0	70	0.05
-102.778	31.084	0	125	0.05
-104.578	32.758	0	165	0.05
-104.651	32.623	0	0	0.05
-104.724	32.728	0	100	0.05
-104.677	32.63	0	5	0.05
-104.694	32.615	0	0	0.05
-101.914	31.299	0	105	0.05
-103.615	32.511	0	60	0.05
-104.699	32.688	0	0	0.05
-104.197	32.821	0	95	0.05
-104.668	32.623	0	175	0.05
-104.574	32.75	0	165	0.05
-104.587	32.743	0	160	0.05
-104.622	32.75	0	180	0.05
-104.621	32.729	0	175	0.05
-104.729	32.648	0	5	0.05
-104.719	32.724	0	0	0.05
-104.669	32.491	0	10	0.05
-103.366	32.6	0	100	0.05
-103.169	33.066	0	100	0.05
-104.493	32.511	0	15	0.05
-104.752	32.466	0	10	0.05
-104.583	32.71	0	180	0.05
-103.518	33.346	0	135	0.05
-103.496	33.369	0	125	0.05
-103.544	33.304	0	125	0.05
-103.438	33.399	0	125	0.05
-103.53	33.348	0	140	0.05
-103.45	33.45	0	125	0.05
-103.348	33.32	0	115	0.05
-104.39	32.699	0	160	0.05
-103.529	33.29	0	135	0.05
-103.464	33.474	0	125	0.05
-103.507	33.443	0	125	0.05
-104.273	32.885	0	165	0.05
-104.483	32.568	0	180	0.05
-103.535	33.32	0	130	0.05
-104.32	32.822	0	168	0.05
-102.801	30.438	0	70	0.05
-102.035	31.289	0	115	0.05
-141.979	27.889	0	26	0.05
-125.12	44.586	0	32	0.05
-125.151	44.578	0	37	0.05
-125.149	44.586	0	53	0.05
-122.277	34.54	0	90	0.05
-125.343	40.075	0	127	0.05
-126.434	41.001	0	138	0.1
-72.768	39.03	0	160	0.05
-72.694	39.366	0	162	0.05
-72.766	38.965	0	5	0.1
-117.633	31.28	0	13	0.05
-126.873	48.698	0	14	0.05
-119.982	32.833	0	16	0.05
-124.111	60.12	0	58	0.05
-71	46.49	1.5	22	0.05
-71.54	46.51	1.5	81	0.2
-71.56	46.49	1.5	66	0.1
-71.58	46.51	1.5	175	0.05
-72.773	45.737	1.5	31	0.3
-72.338	46.01	1.5	59	0.3
-72.985	45.698	1.5	32	0.1
-72.037	46.275	1.5	57	0.05
-72.411	46.367	1.5	63	0.05
-71.63	46.48	1.5	97	0.1
-72.812	45.692	1.5	43	0.3
-71.582	46.505	1.5	78	0.2
-72.32	46.182	1.5	67	0.2
-71.585	46.504	1.5	74	0.2
-71.58	46.5	1.5	48	0.1
-71.581	46.5	1.5	13	0.05
-71.568	46.51	1.5	45	0.1
-78.07	42.01	0	65	0.05
-76.6	43.28	0	132	0.05
-77.55	43.12	0	97	0.05
-77.55	43.12	0	27	0.05
-77.55	43.12	0	142	0.05
-76.39	43.48	0	106	0.05
-76.39	43.48	0	86	0.05
-76.39	43.48	0	78	0.05
-76.39	43.48	0	78	0.05
-76.39	43.48	0	49	0.05
-76.39	43.48	0	86	0.05
-74.44	43.87	0	113	0.05
-74.45	43.95	0	43	0.05
-76.58	42.94	0	91	0.05
-76.58	42.94	0	75	0.05
-76.58	42.94	0	83	0.05
-76.58	42.94	0	80	0.2
-78.55	43.32	0	160	0.05
-82.5	39.5	0	63	0.05
-79.7	43.6	0	146	0.05
-84.5	43.5	0	79	0.05
-82.6	43.5	0	54	0.05
-81	46.5	0	86	0.1
-88.2	47.3	0	69	0.05
-79.58	43.57	0	114	0.05
-79.907	43.515	0	37	0.05
-89.15	42.26	0	48	0.2
-82.517	40.367	0	62	0.05
-86.79	58.5	0	40	0.05
-80.02	48.17	0	168	0.1
-79.55	50.13	0	71	0.05
-79.5	42.13	0	72	0.05
-80.92	41.17	0	50	0.1
-80.54	41.96	0	55	0.1
-80.28	41.89	0	45	0.1
-80.13	41.91	0	65	0.1
-80.26	41.28	0	40	0.05
-81.64	41.01	2	68	0.05
-89.33	43.78	1.5	65	0.2
-87.63	46.5	1.5	98	0.05
-95.9	50.3	0	34	0.1
-95.9	50.3	0	31	0.2
-95.9	50.3	0	80	0.05
-95.9	50.3	0	47	0.05
-77.58	42.19	1.5	74	0.05
-78	42.08	0	77	0.05
-77.52	41.21	0	70	0.3
-79.1	40.64	0	77	0.05
-78.55	41.8	0	66	0.05
-98.947	73.858	0	67	0.2
-98	77.5	0	46	0.1
-104	76.5	0	59	0.1
-102	76.5	0	153	0.1
-98.5	72.3	0	46	0.1
-79.12	50.07	0	131	0.05
-78.3	43.95	0	161	0.05
-78.8	43.9	0	44	0.05
-78.8	43.9	0	70	0.05
-78.8	43.9	0	68	0.05
-79.2	43.1	0	66	0.05
-78.8	43.9	0	26	0.05
-103.15	49.35	0	10	0.05
-102.32	49.49	0	6	0.1
-93.8	51	2.5	49	0.05
-115.69	53.3	0	47	0.05
-110.65	44.47	0.5	160	0.3
-107.8	77.5	0	73	0.1
-104.5	50.5	0.5	94	0.05
-109.7	51.98	0	53	0.05
-109.94	52.09	0	61	0.05
-109.73	52.31	0	54	0.05
-109.72	52.33	0	47	0.05
-109.56	52.65	0	28	0.05
-104	78.5	0	58	0.1
-119.72	46.56	0	8	0.2
-119.75	46.58	0	177	0.2
-119.753	46.607	0	12	0.05
-119.583	46.492	0	23	0.1
-119.78	46.567	0	5	0.05
-119.6	46.55	0	0	0.05
-132.73	70.151	0	28	0.2
-132.839	69.883	0	36	0.2
-133.496	70.464	0	58	0.2
-133.873	69.829	0	55	0.2
-133.974	70.73	0	78	0.2
-134.313	70.017	0	70	0.3
-135.933	69.551	0	65	0.1
-139.743	69.756	0	75	0.2
-136.339	69.903	0	60	0.1
-136.304	69.278	0	76	0.1
-136.304	69.278	0	87	0.05
-131.048	69.59	0	43	0.05
-135.016	69.26	0	66	0.2
-135.311	68.669	0	54	0.2
-135.551	68.371	0	42	0.2
-82.468	41.594	0	128	0.05
-82.445	41.953	0	164	0.05
-82.271	42.81	0	3	0.05
-81.545	42.213	0	108	0.05
-80.936	42.628	0	72	0.05
-118.96	59.12	0	140	0.05
-114.95	51.83	0	46	0.2
-115.69	53.3	0	36	0.2
-115.18	53.6	0	34	0.1
-115.33	55.99	0	8	0.2
-115.36	56.08	0	157	0.05
-119.15	58.46	0	160	0.1
-119.28	58.51	0	13	0.05
-119.46	58.55	0	137	0.1
-119.4	59.3	0	50	0.1
-118.62	59.02	0	63	0.05
-118.87	59.12	0	127	0.05
-66.598	46.99	2.5	155	0.05
-71.34	46.82	0	23	0.05
-103.611	49.977	0	70	0.05
-103.611	49.977	0	71	0.05
-114.831	54.987	0	37	0.1
-118.83	54.987	0	33	0.1
-112.203	49.809	0	63	0.1
-113.826	49.971	0	57	0.1
-118.639	54.744	0	41	0.05
-110.837	55.296	0	41	0.05
-112.078	49.879	0	63	0.05
-111.421	50.811	0	40	0.05
-112.737	50.72	0	55	0.05
-113.348	51.465	0	41	0.05
-110.331	50.774	0	80	0.05
-113.923	51.935	0	48	0.05
-117.602	54.914	0	27	0.05
-111.532	53.332	0	56	0.05
-111.079	54.449	0	52	0.05
-112.057	49.857	0	68	0.05
-110.838	53.783	0	56	0.05
-112.339	50.047	0	77	0.05
-113.343	55.969	0	50	0.05
-110.526	54.114	0	42	0.05
-112.786	50.563	0	82	0.05
-112.857	50.028	0	61	0.05
-112.863	50.032	0	46	0.05
-113.405	50.014	0	39	0.1
-113.49	50.087	0	48	0.1
-112.599	50.814	0	53	0.05
-115.723	53.336	0	32	0.2
-117.944	53.747	0	43	0.3
-117.261	54.125	0	45	0.3
-110.734	54.699	0	41	0.05
-119.612	54.976	0	31	0.2
-112.887	52.374	0	51	0.05
-114.179	52.401	0	42	0.1
-111.789	52.432	0	39	0.1
-111.639	52.519	0	52	0.2
-113.115	52.783	0	44	0.05
-113.351	52.896	0	59	0.1
-116.042	52.911	0	58	0.2
-81.59	42.253	0	10	0.05
-120.565	56.528	0	43	0.2
-117.954	54.823	0	45	0.2
-116.234	52.912	0	46	0.2
-117.954	54.823	0	45	0.2
-119.702	57.289	0	61	0.2
-118.615	56.648	0	10	0.1
-119.702	57.289	0	61	0.2
-116.234	52.912	0	44	0.2
-117.954	54.823	0	31	0.2
-118.615	56.648	0	10	0.1
-117.825	55.453	0	25	0.2
-118.683	55.34	0	39	0.2
-115.548	55.012	0	21	0.1
-119.814	56.748	0	47	0.2
-119.814	56.748	0	47	0.2
-119.814	56.748	0	54	0.2
-116.013	56.181	0	45	0.2
-117.797	54.986	0	30	0.2
-116.117	56.279	0	20	0.2
-115.903	56.825	0	29	0.1
-118.907	56.198	0	46	0.2
-115.343	54.821	0	38	0.2
-121.354	58.683	0	68	0.2
-118.683	55.34	0	35	0.1
-118.615	56.648	0	116	0.2
-115.688	53.297	0	48	0.2
-116.656	55.924	0	55	0.2
-115.866	53.091	0	49	0.2
-119.287	54.986	0	32	0.1
-116.234	52.912	0	54	0.1
-117.064	53.455	0	52	0.1
-115.415	56.365	0	37	0.2
-118.733	57.354	0	59	0.2
-121.025	59.703	0	68	0.1
-115.274	53.385	0	59	0.1
-116.909	55.485	0	13	0.2
-112.89	52.075	0	65	0.1
-115.176	53.595	0	31	0.1
-115.548	55.012	0	14	0.1
-119.217	54.994	0	43	0.1
-117.634	56.664	0	42	0.05
-114.317	52.285	0	54	0.1
-117.841	55.816	0	40	0.1
-112.89	52.075	0	67	0.1
-119.702	57.289	0	43	0.1
-118.683	55.34	0	54	0.1
-117.261	54.126	0	50	0.1
-116.117	56.279	0	38	0.1
-117.954	54.823	0	40	0.1
-117.755	55.718	0	19	0.1
-118.615	56.648	0	18	0.1
-117.825	55.453	0	42	0.05
-117.755	55.718	0	25	0.05
-119.814	56.748	0	52	0.05
-119.814	56.748	0	67	0.05
-119.702	57.289	0	54	0.05
-116.013	56.181	0	45	0.05
-116.458	52.995	0	53	0.3
-115.87	53.09	0	41	0.2
-118.73	57.35	0	83	0.05
-112	50.28	0	73	0.2
-114.6	51.54	0	57	0.3
-114.861	51.986	0	59	0.2
-114.87	52.1	0	63	0.2
-115.274	53.385	0	58	0.1
-115.129	53.481	0	47	0.3
-117.07	53.46	0	52	0.2
-116.09	54.18	0	64	0.2
-115.95	53.86	0	46	0.2
-116.54	54.07	0	49	0.2
-121.485	55.896	0	34	0.3
-116.88	54.383	0	57	0.2
-115.34	54.82	0	37	0.2
-119.218	54.994	0	42	0.2
-114.32	52.29	0	52	0.2
-119.73	56.13	0	27	0.1
-115.38	56.03	0	33	0.3
-118.93	56.2	0	25	0.2
-118.14	56.44	0	26	0.1
-115.08	56.66	0	44	0.1
-119.47	57.36	0	46	0.05
-119.29	58.5	0	53	0.1
-119.57	58.77	0	61	0.2
-118.47	59.02	0	88	0.1
-112.97	52.998	0	49	0.2
-118.96	59.12	0	50	0.1
-115.81	52.72	0	54	0.2
-116.234	52.912	0	45	0.3
-112.889	52.076	0	62	0.1
-115.549	55.012	0	30	0.1
-111.161	54.42	0	34	0.1
-115.302	52.235	0	53	0.1
-120.328	56.224	0	40	0.1
-119.397	59.302	0	45	0.1
-123.701	59.323	0	59	0.05
-121.207	56.107	0	55	0.05
-123.65	57.165	0	42	0.05
-113.515	54.005	0	58	0.05
-110.989	56.213	0	60	0.1
-118.17	55.56	0	87	0.05
-118.75	56.14	0	170	0.05
-114.547	53.187	0	34	0.1
-114.155	50.596	0	47	0.2
-115.282	53.387	0	45	0.1
-115.59	52.47	0	42	0.1
-114.201	52.252	0	47	0.2
-119.574	55.136	0	44	0.2
-118.17	55.56	0	25	0.2
-115.33	56.02	0	27	0.05
-118.75	56.14	0	20	0.2
-121.65	56.8	0	36	0.2
-119.3	59.24	0	51	0.2
-119.2	59.29	0	63	0.1
-119.08	59.49	0	69	0.05
-113.542	57.228	0	40	0.05
-114.629	56.909	0	21	0.05
-114.596	56.866	0	44	0.05
-114.477	56.547	0	34	0.05
-111.945	53.137	0	166	0.05
-110.541	55.073	0	11	0.05
-114.378	56.694	0	24	0.05
-114.642	55.923	0	19	0.05
-114.377	56.702	0	139	0.05
-114.597	56.851	0	46	0.05
-114.377	56.702	0	39	0.05
-120.738	55.992	0	42	0.05
-114.582	56.971	0	29	0.05
-114.596	56.866	0	164	0.05
-110.53	55.069	0	25	0.05
-110.541	55.071	0	55	0.05
-110.557	55.104	0	50	0.05
-109.57	53.51	0	62	0.05
-114.553	56.708	0	53	0.05
-114.64	51.5	0	55	0.3
-116.16	53.33	0	43	0.3
-114.42	53.95	0	45	0.05
-117.14	57.65	0	65	0.05
-121.355	61.025	1.5	95	0.1
-58.357	44.445	0	60	0.2
-58.032	44.377	0.5	42	0.3
-58.878	44.19	0	39	0.2
-60.409	44.108	0	66	0.2
-58.373	43.849	0	38	0.1
-59.714	43.662	0	51	0.2
-60.107	43.627	0	45	0.2
-60.148	43.622	0	63	0.2
-60.08	43.622	0	43	0.05
-60.666	43.605	0	45	0.2
-60.643	43.517	0	48	0.3
-60.585	43.291	0	35	0.05
-61.479	42.708	0	130	0.2
-63.037	42.703	0	68	0.05
-63.559	42.641	0	43	0.2
-65.051	42.38	0	46	0.05
-58.787	45.572	0	26	0.05
-60.08	45.43	0	149	0.2
-58.541	45.485	0	11	0.1
-57.94	45.324	0	47	0.05
-62.805	43.643	0	39	0.2
-64.229	42.894	0	41	0.2
-58.189	44.792	0	53	0.1
-57.346	44.736	0	46	0.2
-57.876	44.695	0	47	0.1
-58.92	44.67	0	38	0.2
-59.472	44.636	0	30	0.1
-58.662	44.606	0	61	0.1
-58.537	44.586	0	53	0.3
-60.01	44.167	0	58	0.05
-60.069	44.162	0	39	0.2
-59.626	44.145	0	28	0.2
-59.358	44.106	0	48	0.1
-59.574	44.037	0	29	0.2
-59.534	44.037	0	26	0.1
-59.61	44.034	0	26	0.1
-60.288	43.999	0	41	0.05
-60.111	43.965	0	57	0.3
-60.127	43.958	0	63	0.2
-60.127	43.958	0	63	0.05
-60.5	43.944	0	18	0.1
-60.205	43.9	0	34	0.1
-60.227	43.895	0	42	0.1
-60.605	43.864	0	34	0.05
-60.621	43.852	0	31	0.2
-59.569	43.835	0	48	0.2
-59.946	43.827	0	40	0.05
-60.234	43.752	0	27	0.2
-60.193	43.739	0	78	0.1
-60.089	43.72	0	40	0.2
-60.832	43.691	0	23	0.3
-62.481	42.994	0	74	0.2
-61.917	42.862	0	45	0.2
-74.028	41.104	0	79	0.3
-74.028	41.104	0	47	0.3
-74.028	41.104	0	25	0.2
-90.5	28.6	0	90	0.1
-92.75	29.25	0	100	0.2
-89.68	29.18	0	36	0.05
-93.2	29.6	0	93	0.05
-91.852	29.3	0	102	0.05
-121.672	59.285	0	138	0.05
-122.922	59.702	1.5	147	0.1
-123.918	60.402	1.5	24	0.05
-121.597	58.794	0	112	0.05
-122.072	59.469	1.5	131	0.05
-123.059	59.652	1.5	32	0.2
-121.284	58.827	1.5	62	0.2
-122.097	59.856	1.5	48	0.1
-121.884	59.548	0	31	0.05
-124.297	59.965	1.5	22	0.1
-121.429	60.15	0	75	0.05
-121.072	58.823	1.5	93	0.05
-124.566	59.765	0	73	0.2
-124.828	59.215	1.5	84	0.1
-124.291	59.973	1.5	145	0.05
-121.978	59.223	1.5	72	0.1
-123.078	59.573	0	40	0.05
-123.203	59.406	0	98	0.1
-123.141	59.498	1.5	176	0.1
-118.7	39.42	0	7	0.3
-118.7	39.42	0	176	0.2
-122.25	61.191	0	77	0.2
-122.614	60.88	0	74	0.1
-120.216	58.248	0	159	0.1
-121.122	58.64	0	146	0.3
-123.047	58.91	1.5	82	0.1
-121.181	60.349	1.5	80	0.05
-123.817	60.398	1.5	155	0.1
-123.867	60.455	1.5	44	0.2
-117.836	36.038	1.5	179	0.1
-117.74	35.999	1.5	22	0.1
-117.807	36.039	1.5	179	0.2
-117.812	36.038	1.5	178	0.1
-117.812	36.038	1.5	10	0.1
-117.812	36.038	1.5	7	0.2
-117.812	36.038	1.5	9	0.2
-117.74	35.999	1.5	5	0.05
-117.74	35.999	1.5	24	0.2
-97.67	32.39	0.5	45	0.05
-97.28	33.27	0.5	30	0.1
-97.4	33	1.5	20	0.2
-101.19	31.14	1	89	0.2
-99.5	35.78	0	65	0.05
-96.87	36.85	0	91	0.2
-98.2	34.68	0	56	0.3
-97.01	36.34	0	81	0.1
-97.02	36.03	0	76	0.3
-97.28	36.46	0	82	0.3
-97.34	36.1	0	81	0.1
-97.66	36.97	0	73	0.3
-96.43	34.96	0	88	0.1
-97.04	36.2	0	79	0.1
-98.68	36.9	0	80	0.1
-97.13	35.65	0	88	0.2
-97.33	36.06	0	82	0.2
-97.68	36.91	0	69	0.3
-98.07	34.48	0	86	0.1
-97.66	36.83	0	68	0.3
-97.41	36.12	0	86	0.3
-97.71	36.77	0	79	0.2
-97.42	36.08	0	83	0.2
-97.61	36.82	0	70	0.1
-97.59	36.2	0	79	0.1
-97	33.95	0	22	0.1
-96.74	34.1	0	72	0.2
-97.77	36.83	0	79	0.3
-97	36.07	0	73	0.3
-97.15	35.04	0	85	0.2
-97.77	36.74	0	70	0.2
-97.58	36.28	0	85	0.1
-97.64	36.66	0	59	0.3
-96.94	35.57	0	80	0.3
-96.24	34.35	0	75	0.3
-97.39	35.79	0	86	0.2
-97.52	36.07	0	86	0.2
-98.07	34.48	0	76	0.2
-96.36	34.65	0	100	0.2
-98	34.4	0	82	0.2
-97	33.95	0	34	0.1
-97.15	34.29	0	72	0.2
-99.12	36.82	0	75	0.1
-97.68	35.67	0	80	0.1
-96.19	34.73	0	85	0.2
-98.06	34.56	0	63	0.1
-95.92	34.07	0	75	0.2
-96.2	34.68	0	88	0.1
-99.76	35.72	0	100	0.1
-96.26	34.79	0	90	0.1
-96.68	34.1	0	60	0.2
-95.98	34.39	0	76	0.3
-96.91	34.25	0	89	0.1
-100.17	36.01	0	88	0.2
-99.28	35.91	0	83	0.3
-96.18	34.4	0	69	0.2
-99.86	36.13	0	90	0.2
-97.92	35.68	0	85	0.2
-96.89	34.23	0	83	0.2
-98.18	35.96	0	90	0.3
-100.11	36.16	0	96	0.3
-96.1	34.65	0	90	0.2
-98	34.57	0	65	0.3
-98	34.57	0	65	0.2
-97.78	36.23	0	89	0.3
-99.21	35.63	0	95	0.1
-98.36	35.14	0	71	0.3
-97.99	34.95	0	65	0.3
-99.5	35.78	0	63	0.1
-98.75	35.93	0	81	0.1
-99.17	35.41	0	90	0.1
-99.25	35.8	0	85	0.1
-98.78	35.91	0	81	0.1
-98.13	35.57	0	74	0.1
-96.17	34.49	0	88	0.2
-98.3	35.67	0	86	0.1
-97.84	34.8	0	65	0.2
-99.77	35.63	0	80	0.2
-99.97	35.42	0	75	0.1
-99.99	35.41	0	85	0.1
-98.48	35.49	0	86	0.1
-95.19	34.68	0	72	0.1
-98.9	35.16	0	70	0.2