-179.82	51.435	2.0182	140.87	0.3
-179.74	51.446	1.803	143.37	0.3
-179.51	51.267	2.1071	138.99	0.3
-179.52	51.306	1.9692	139.9	0.3
-179.38	51.23	1.9408	145.36	0.3
-179.36	51.287	2.1445	143.39	0.3
-179.12	51.096	1.9592	155.43	0.3
-179.18	51.181	2.0173	147.69	0.3
-179.15	51.328	1.8464	143.24	0.3
-179.03	51.666	1.6961	143.83	0.3
-176.39	64.203	1.042	101.44	0.3
-178.65	51.589	1.666	143.39	0.3
-178.58	51.697	0.52858	140.88	0.3
-178.2	51.295	1.905	156.74	0.3
-178.18	51.421	0.26038	156.28	0.3
-178.21	51.561	0.32735	152.85	0.3
-178.26	51.675	0.41752	146.53	0.3
-177.71	51.208	1.9103	153.93	0.3
-177.78	51.243	1.8966	157.98	0.3
-177.86	51.372	1.7471	151.89	0.3
-177.97	51.54	1.5905	148.15	0.3
-177.97	51.757	0.36738	151.16	0.3
-176.87	60.397	0.88336	98.043	0.3
-176.73	60.419	1.0019	96.274	0.3
-177.33	51.191	1.9672	156.46	0.3
-177.65	51.75	0.39583	147.6	0.3
-176.93	60.382	0.94954	99.26	0.3
-176.82	51.127	2.1699	157.35	0.3
-176.76	51.162	2.1842	157.16	0.3
-176.76	51.383	2.0646	152.7	0.3
-176.45	51.168	2.2218	156.4	0.3
-176.39	51.199	2.2629	156.05	0.3
-176.39	51.271	2.2777	154.66	0.3
-176.38	51.356	1.9953	155.95	0.3
-176.07	51.214	2.2221	159.27	0.3
-176	51.302	2.2003	158.77	0.3
-175.78	51.73	0.1857	147.45	0.3
-175.44	51.31	2.2557	155.92	0.3
-175.32	52.043	1.7186	136.57	0.3
-175.24	52.105	1.7021	136.96	0.3
-175.05	51.329	2.4239	157.34	0.3
-175.06	51.356	2.4101	159.17	0.3
-174.99	51.433	2.4223	158.85	0.3
-174.92	51.578	2.3755	157.91	0.3
-174.99	51.9	1.7952	136.89	0.3
-174.99	52.039	1.7253	134.34	0.3
-174.91	52.175	1.6762	137.89	0.3
-174.84	52.286	1.6967	137.04	0.3
-174.11	58.11	0.99223	101.69	0.3
-174.64	51.394	2.5054	153.49	0.3
-174.64	51.469	2.4572	154.4	0.3
-174.68	51.819	1.9435	143.71	0.3
-174.73	52.091	1.7239	137.85	0.3
-174.68	52.305	1.6935	138.3	0.3
-174.24	51.409	2.4468	155.22	0.3
-174.2	51.456	2.3807	153.76	0.3
-174.2	51.538	2.3043	153.66	0.3
-174.38	52.253	1.6854	139.69	0.3
-172.02	66.188	1.0105	103.97	0.3
-171.81	66.623	1.0443	105.43	0.3
-173.8	51.434	2.4245	156.14	0.3
-173.75	51.499	2.4502	153.48	0.3
-173.7	51.601	2.3653	154.85	0.3
-173.76	51.968	1.9101	151.02	0.3
-173.91	52.139	1.8115	145.49	0.3
-173.41	51.484	2.3907	157.26	0.3
-173.35	51.543	2.4284	156.32	0.3
-173.35	51.636	2.3522	156.35	0.3
-173.4	51.758	2.0915	156.62	0.3
-173.18	51.517	2.3698	157.09	0.3
-173.14	51.554	2.3188	157.41	0.3
-173.2	51.609	2.364	156.72	0.3
-171.09	66.561	1.0444	104.43	0.3
-172.22	51.821	2.5514	7.2849	0.3
-171.88	52.17	2.0277	160.35	0.3
-170.58	51.84	2.6216	137.77	0.3
-170.61	51.974	0.32675	62.36	0.3
-170.54	52.418	0.12448	147.17	0.3
-169.53	65.092	1.0641	103.68	0.3
-169.67	65.236	0.94067	103.32	0.3
-170.37	51.871	2.6067	132.27	0.3
-170.33	52.007	2.5424	123.01	0.3
-170.28	52.201	2.1592	138.01	0.3
-169.47	66.469	0.98854	105.7	0.3
-170.04	51.893	2.5378	136.84	0.3
-170.07	51.923	2.539	128.94	0.3
-169.96	52.27	0.1704	149.73	0.3
-169.8	52.605	1.5351	141.55	0.3
-168.82	65.223	1.0549	103.95	0.3
-169.67	51.931	2.4256	131.3	0.3
-169.66	51.94	2.504	130.03	0.3
-169.62	52.022	2.4653	126.99	0.3
-169.57	52.558	1.5425	139.52	0.3
-169.61	52.616	1.571	140.75	0.3
-169.62	52.641	1.5565	137.71	0.3
-168.33	65.656	1.1441	103.85	0.3
-169.45	51.979	2.434	126.93	0.3
-169.4	52.036	2.4234	123.61	0.3
-169.37	52.372	1.6759	151.3	0.3
-169.42	52.537	1.6098	144.24	0.3
-169.46	52.599	1.5424	140.14	0.3
-168.95	56.585	0.16166	128.84	0.3
-169.04	52.053	2.3792	150.83	0.3
-168.88	52.274	1.7038	151.24	0.3
-168.66	56.384	0.13262	116.62	0.3
-168.83	56.57	0.16338	125.66	0.3
-168.38	52.165	2.5143	151.47	0.3
-168.33	52.304	2.4893	146.39	0.3
-168.67	52.839	0.29585	148.69	0.3
-168.19	52.198	2.4399	151.63	0.3
-168.13	52.235	2.5426	150.63	0.3
-167.95	52.463	2.3994	149.76	0.3
-167.56	53.7	0.21526	147.87	0.3
-167.53	52.373	2.5231	149.05	0.3
-167.32	53.372	0.14772	150.28	0.3
-167.27	53.515	0.2062	149.13	0.3
-167.29	53.583	0.16443	150.95	0.3
-167.78	55.938	0.13742	141.3	0.3
-167.84	55.998	0.19501	137.39	0.3
-167.15	52.478	2.5918	145.63	0.3
-167.06	52.545	2.6946	141.5	0.3
-167.04	52.652	2.277	145.96	0.3
-167.01	52.752	2.2685	140.09	0.3
-167.07	52.987	0.050561	155.17	0.3
-167.13	53.194	0.10848	149.14	0.3
-167.13	53.387	0.16248	148.51	0.3
-167.16	53.53	0.11793	155.28	0.3
-167.15	53.56	0.14021	149.17	0.3
-166.69	60.934	0.87306	105.64	0.3
-166.65	65.496	1.1182	104.87	0.3
-166.66	65.533	1.079	105.3	0.3
-166.96	52.58	2.4827	145.12	0.3
-166.91	52.684	2.2199	144.36	0.3
-166.89	52.796	0.076616	143.92	0.3
-166.44	60.996	0.76154	108.53	0.3
-166.6	65.495	1.0981	104.08	0.3
-166.61	65.534	1.1083	103.91	0.3
-165.9	67.414	1.2197	109.66	0.3
-165.46	67.523	1.2273	111.77	0.3
-166.88	52.651	2.3339	144.88	0.3
-166.23	65.646	1.1277	105.14	0.3
-166.18	65.743	1.2038	106.2	0.3
-166.37	53.198	0.11733	150.99	0.3
-165.89	53.701	0.078813	137.71	0.3
-166.04	65.517	1.1675	105.34	0.3
-165.6	65.181	1.1708	105.81	0.3
-165.66	65.601	1.1787	104.73	0.3
-165.63	65.647	1.2124	105.81	0.3
-163.87	53.302	2.5094	150.4	0.3
-163.85	53.422	2.2687	151.16	0.3
-163.91	54.117	2.2265	143.29	0.3
-164.94	65.275	1.189	106.15	0.3
-163.67	53.423	2.3142	151.02	0.3
-163.71	53.915	2.2409	143.4	0.3
-163.73	54.037	2.2642	145.93	0.3
-163.76	54.131	2.1699	145.02	0.3
-163.69	55.182	1.9149	135.89	0.3
-164.75	65.809	1.0937	107.05	0.3
-163.57	53.441	2.3528	151.13	0.3
-163.55	53.475	2.406	150.5	0.3
-163.46	53.672	1.8535	148.28	0.3
-163.55	54.088	2.2519	148.46	0.3
-164.32	65.094	1.2335	108.87	0.3
-163.65	67.145	1.311	112.65	0.3
-163.32	53.527	2.4975	149.62	0.3
-163.32	53.594	2.3632	150.34	0.3
-163.78	65.409	1.2493	107.45	0.3
-163.23	53.557	2.4739	149.39	0.3
-163.23	53.618	2.3541	155.95	0.3
-163.07	53.916	2.0162	149.48	0.3
-163.02	54.027	2.0958	141.08	0.3
-162.44	67.566	1.3681	118.93	0.3
-162.09	67.734	1.2361	121.21	0.3
-160.9	60.203	1.7481	123.14	0.3
-163.07	65.514	1.237	107.24	0.3
-162.09	67.598	1.3534	121.04	0.3
-162.03	67.741	1.2179	124.54	0.3
-160.67	59.887	1.7885	128.45	0.3
-162.48	65.546	1.3585	112.83	0.3
-161.79	54.31	2.178	155.38	0.3
-161.71	54.398	2.1034	152.03	0.3
-161.7	55.076	2.27	150.85	0.3
-161.11	67.76	1.177	126.02	0.3
-161.25	54.512	2.1382	153.47	0.3
-160.06	65.158	1.2918	115.97	0.3
-160.12	67.269	1.295	121.59	0.3
-160.98	54.354	2.3582	148.68	0.3
-160.47	54.378	2.3712	147.3	0.3
-158.41	61.675	1.7377	109.41	0.3
-159.99	54.681	2.1549	157.41	0.3
-158.18	59.736	1.7583	139.39	0.3
-157.93	62.346	1.7689	113.48	0.3
-158.95	67.601	1.1137	127.95	0.3
-157.7	60.991	1.7917	121.78	0.3
-158.03	56.314	1.8947	165.84	0.3
-157.2	62.387	1.894	109.78	0.3
-158.13	67.619	1.0665	129.19	0.3
-157.59	57.133	1.9346	151.88	0.3
-157.56	57.199	1.8518	153.42	0.3
-156.71	58.5	1.5226	146.45	0.3
-156.8	62.102	1.9374	106.98	0.3
-156.53	63.502	1.3891	124.75	0.3
-157.48	66.348	1.3379	123.27	0.3
-157.48	66.352	1.3563	122.7	0.3
-157.59	66.674	1.3342	127.94	0.3
-157.42	57.227	1.8504	154.84	0.3
-157.36	57.287	1.8408	154.22	0.3
-156.13	64.13	1.5872	133.09	0.3
-157.26	66.297	1.1575	126.52	0.3
-157.3	66.312	1.2123	126.36	0.3
-157	56.467	1.907	151.11	0.3
-157.16	57.188	1.816	156.23	0.3
-157.17	57.343	1.8167	155.2	0.3
-156.65	57.952	1.8266	154.4	0.3
-156.58	58.065	1.6747	150.18	0.3
-157.03	66.308	1.353	120.51	0.3
-156.94	67.201	1.0553	130.21	0.3
-156.19	58.105	1.5717	146.67	0.3
-156.98	66.305	1.3134	121.97	0.3
-156.58	67.251	1.1902	133.03	0.3
-156.51	67.552	1.1571	133.7	0.3
-156.6	56.692	1.9945	157.37	0.3
-155.89	57.876	1.6372	145.88	0.3
-155.91	58.158	1.588	150.05	0.3
-155.09	63	1.7271	111.47	0.3
-156.87	66.228	1.4232	124.83	0.3
-156.4	67.247	1.2014	132.27	0.3
-156.47	67.532	1.1622	134.16	0.3
-155.46	57.786	1.5812	157.65	0.3
-155.55	57.873	1.5766	148.47	0.3
-155.53	57.974	1.6052	150.58	0.3
-155.5	58.127	1.5822	153.05	0.3
-155.42	58.23	1.3795	157.94	0.3
-154.36	59.639	1.8389	145.36	0.3
-155.14	57.698	1.6677	157.41	0.3
-155.17	58.194	1.4184	158.91	0.3
-155.07	58.275	1.254	164.37	0.3
-153.91	62.339	1.9403	105.73	0.3
-154.27	63.308	1.8412	118.49	0.3
-154.28	63.756	1.6403	128.88	0.3
-154	64.788	1.6952	140.76	0.3
-155.02	57.396	1.57	149.52	0.3
-154.91	58.026	1.4949	164.14	0.3
-154.73	58.356	1.2895	164.61	0.3
-154.41	59.08	1.4855	161.36	0.3
-154.34	59.234	1.4477	156.37	0.3
-153.65	64.935	1.584	144.39	0.3
-155.42	66.369	1.735	135.13	0.3
-154.67	57.566	1.582	154.94	0.3
-154.67	57.748	1.5154	157.29	0.3
-154.64	58.085	1.3134	157.28	0.3
-154.48	58.41	1.3151	164.4	0.3
-154.39	58.52	1.287	166.86	0.3
-154.03	59.242	1.4312	160.19	0.3
-153.13	61.42	2.1381	108.25	0.3
-153.22	61.956	2.201	114.97	0.3
-153.38	62.298	2.0307	104.64	0.3
-153.43	64.923	1.6274	146.02	0.3
-153.48	65.008	1.6562	147.7	0.3
-154.97	67.04	1.2737	136.07	0.3
-155.19	67.105	1.2022	135.67	0.3
-154.43	57.685	1.5379	161.84	0.3
-154.29	58.436	1.3653	164.64	0.3
-154.04	58.798	1.5432	165.08	0.3
-153.65	59.387	1.7797	155.89	0.3
-153.54	59.543	1.7169	153.91	0.3
-153.02	61.713	2.1457	136.66	0.3
-153.03	63.204	1.8677	116.02	0.3
-153.11	64.476	1.4339	137.07	0.3
-154.57	66.588	1.7211	135.76	0.3
-153.67	58.898	1.5017	165.04	0.3
-153.56	59.043	1.4712	164.19	0.3
-153.47	59.26	1.6284	161.91	0.3
-153.09	59.787	1.7829	148.01	0.3
-153.07	59.918	1.7732	146.58	0.3
-152.97	60.223	1.8913	138.74	0.3
-152.82	62.275	2.1748	104.66	0.3
-152.75	63.973	1.5369	133.44	0.3
-152.93	65.221	1.7712	145.95	0.3
-153.01	66.216	1.8424	149.69	0.3
-152.99	59.623	1.8204	152.19	0.3
-152.98	59.77	1.7982	149.29	0.3
-153	59.956	1.7273	143.99	0.3
-152.97	60.112	1.8649	140.94	0.3
-152.78	60.43	1.8146	142.02	0.3
-152.7	60.589	1.8052	138.03	0.3
-152.49	62.241	2.1545	98.086	0.3
-152.44	62.774	2.149	105.61	0.3
-152.52	62.931	2.0637	115.09	0.3
-152.5	63.182	1.8887	117.43	0.3
-152.58	63.354	1.9444	122.09	0.3
-152.59	63.453	1.8237	123.81	0.3
-152.41	64.577	1.3302	143.75	0.3
-152.59	65.609	1.7321	147.7	0.3
-153.65	57.926	1.5352	169.83	0.3
-152.77	59.667	1.671	151.76	0.3
-152.89	59.908	1.7117	147.33	0.3
-152.7	60.452	1.7431	140	0.3
-152.17	61.167	1.8881	150.74	0.3
-152	61.399	1.7925	151.43	0.3
-152.15	61.868	2.4251	144.19	0.3
-152.26	62.219	2.2396	94.747	0.3
-152.29	62.487	2.1789	104.93	0.3
-152.14	62.94	1.9801	111.09	0.3
-152.2	63.328	1.8902	122.61	0.3
-152.16	63.436	1.9608	121.55	0.3
-152.19	63.59	2.0107	127.47	0.3
-152.33	64.32	1.4072	140.21	0.3
-152.27	64.592	1.2776	141.62	0.3
-152.23	64.707	1.5091	150.72	0.3
-152.24	65.217	1.6326	150.37	0.3
-152.69	59.181	1.5652	158.92	0.3
-152.49	59.681	1.6733	150.44	0.3
-151.98	60.797	1.9282	120.99	0.3
-151.89	61.258	1.9457	154.19	0.3
-151.9	61.407	1.8338	151.62	0.3
-151.86	61.492	1.8071	149.79	0.3
-151.79	61.64	2.0918	149.21	0.3
-151.99	62.655	2.1854	108.84	0.3
-151.89	62.761	2.1817	104.53	0.3
-151.7	63.164	1.8474	117.54	0.3
-151.74	63.323	2.0765	122.44	0.3
-151.65	63.573	2.0736	132.38	0.3
-152.13	64.595	1.2709	142.76	0.3
-152.08	64.705	1.3593	155.52	0.3
-152.02	64.85	1.5534	149.99	0.3
-151.91	65.032	1.5743	150.79	0.3
-151.78	65.46	1.7804	151.1	0.3
-151.73	65.812	1.7622	151.75	0.3
-152.1	59.508	1.6535	153.65	0.3
-151.25	60.9	2.2104	87.306	0.3
-151.46	61.691	2.5152	55.903	0.3
-151.58	62.454	2.2045	97.785	0.3
-151.74	62.713	2.2661	98.857	0.3
-151.7	62.798	2.234	100.81	0.3
-151.54	63.059	1.8927	113.16	0.3
-151.51	63.133	1.8062	114.65	0.3
-151.49	63.331	1.993	135.5	0.3
-151.39	63.473	2.1171	136.7	0.3
-151.32	63.538	2.0291	136.52	0.3
-151.61	64.246	1.5467	143.91	0.3
-151.74	64.595	1.4507	148.02	0.3
-151.67	64.745	1.5684	157.18	0.3
-151.55	65.063	1.6417	149.87	0.3
-151.49	65.218	1.7095	148.69	0.3
-151.35	65.501	1.7456	150.39	0.3
-150.88	67.539	1.6681	149.64	0.3
-151.74	59.599	1.5154	157.73	0.3
-150.96	60.859	2.2302	72.153	0.3
-150.96	60.896	2.1307	65.257	0.3
-150.94	60.946	2.1214	74.093	0.3
-151	61.06	2.142	95.316	0.3
-151.13	61.359	2.146	93.871	0.3
-151.2	61.594	2.3953	103.84	0.3
-151.03	61.75	2.215	99.113	0.3
-150.87	61.932	2.0398	96.067	0.3
-151.41	63.089	2.0106	110.44	0.3
-151.21	63.205	2.0895	143.82	0.3
-151.16	63.322	2.1621	143.78	0.3
-151.12	63.511	2.1189	133.8	0.3
-151.35	64.641	1.5144	149.62	0.3
-151.19	64.778	1.5422	152.27	0.3
-151.06	65.074	1.6139	151.1	0.3
-151	65.308	1.7524	146.33	0.3
-150.79	65.676	1.7653	151.28	0.3
-151.1	59.56	1.3429	160.78	0.3
-150.86	59.866	0.44342	179.03	0.3
-150.85	60.909	2.1508	73.286	0.3
-150.83	60.956	2.0005	79.14	0.3
-150.81	61.023	2.0449	85.58	0.3
-150.75	61.657	2.123	105.54	0.3
-150.65	61.819	2.167	96.004	0.3
-150.64	61.969	2.0141	92.366	0.3
-150.57	62.101	2.0575	93.863	0.3
-150.38	62.196	2.0772	100.48	0.3
-151.05	62.919	2.0495	106.04	0.3
-151.07	63.14	2.2471	135.95	0.3
-150.86	63.378	2.1096	149.57	0.3
-150.79	63.554	2.0611	148.24	0.3
-150.77	63.606	1.9889	147.16	0.3
-150.3	64.091	1.8428	147.83	0.3
-150.41	64.275	1.7683	151.06	0.3
-150.66	64.776	1.6833	158.42	0.3
-150.67	64.939	1.6505	155.39	0.3
-150.61	65.112	1.7496	153.28	0.3
-150.56	65.734	1.7472	150.32	0.3
-150.4	65.958	1.7705	154.38	0.3
-150.16	66.307	1.701	161.03	0.3
-150.37	59.769	1.6365	157.08	0.3
-150.68	60.969	1.9967	77.747	0.3
-150.58	61.073	2.1276	76.664	0.3
-150.31	61.406	1.802	72.716	0.3
-150.12	61.683	1.5111	89.037	0.3
-150.24	61.809	1.7814	93.13	0.3
-150.33	61.948	1.9108	91.272	0.3
-150.3	62.192	1.9982	101	0.3
-150.23	62.245	1.9143	109.33	0.3
-150.36	63.418	1.9445	142.96	0.3
-150.48	63.533	2.0292	148.04	0.3
-150.14	63.99	1.8566	148.72	0.3
-150.11	64.119	1.8204	150.09	0.3
-150.01	64.242	1.7703	150.87	0.3
-150.19	64.939	1.6305	162.23	0.3
-150.24	65.151	1.7321	151.89	0.3
-150.08	65.313	1.6283	148.72	0.3
-150.26	65.746	1.8208	152.14	0.3
-150.2	65.976	1.7739	158.46	0.3
-149.94	66.322	1.7222	160.32	0.3
-149.81	61.658	0.68852	75.493	0.3
-149.77	61.745	0.63099	87.643	0.3
-149.82	61.895	1.535	96.603	0.3
-149.99	62.168	1.6986	110.34	0.3
-149.97	62.304	1.9908	108.7	0.3
-149.74	62.505	1.799	115.19	0.3
-149.52	62.733	1.8728	129.02	0.3
-149.72	63.22	1.9641	127.5	0.3
-149.72	63.367	1.9008	127.2	0.3
-149.86	63.78	2.0659	145.65	0.3
-149.95	63.993	1.891	150.04	0.3
-149.95	64.137	1.9254	150.01	0.3
-149.76	64.363	1.6979	156.59	0.3
-149.51	64.6	1.8591	162.24	0.3
-149.49	64.695	1.7869	158.73	0.3
-149.59	65.179	1.6399	158.87	0.3
-149.71	65.285	1.6687	151.48	0.3
-149.84	65.491	1.7102	149.23	0.3
-149.78	66.2	1.6411	157.77	0.3
-149.75	66.298	1.7475	161.15	0.3
-149.7	66.351	1.7005	164.86	0.3
-149.15	67.257	1.6963	158.98	0.3
-149.28	59.828	1.6109	166.8	0.3
-148.85	60.257	1.6677	5.2481	0.3
-148.9	60.376	1.797	11.34	0.3
-149.44	61.32	1.377	48.647	0.3
-149.47	61.782	0.64787	95.982	0.3
-149.32	61.912	0.65287	97.499	0.3
-149.2	62.119	0.44336	91.919	0.3
-149.17	62.325	1.0866	107.36	0.3
-149.31	62.589	1.7751	125.72	0.3
-149.24	62.762	1.9066	133.72	0.3
-149.09	62.927	1.8907	126.45	0.3
-149.27	63.151	1.8457	122.08	0.3
-149.33	63.369	1.7523	125.57	0.3
-149.2	63.732	2.1535	132.9	0.3
-149.44	63.931	1.9649	149.17	0.3
-149.4	64.626	1.7211	160.39	0.3
-149.3	64.709	1.6185	168.5	0.3
-149.14	64.927	1.6131	169	0.3
-149.08	65.141	1.6316	168.2	0.3
-149.46	66.063	1.6216	157.86	0.3
-149.4	66.205	1.6543	161.16	0.3
-149.35	66.293	1.6729	157.93	0.3
-148.78	67.343	1.6632	160.59	0.3
-148.53	60.183	1.7036	3.3556	0.3
-148.49	60.278	1.7094	3.7693	0.3
-148.46	60.503	1.7525	17.704	0.3
-148.69	60.973	1.6631	23.551	0.3
-148.84	61.469	1.0605	6.1799	0.3
-148.97	61.827	0.49036	111.99	0.3
-148.83	62.189	0.69934	68.008	0.3
-148.83	62.282	1.3663	75.931	0.3
-148.9	62.821	1.8674	130.47	0.3
-148.9	62.913	1.8531	128.35	0.3
-148.88	63.426	1.8138	124.54	0.3
-148.82	63.533	1.8332	132.13	0.3
-148.87	63.724	2.0832	137.82	0.3
-148.88	63.885	1.9692	158.06	0.3
-149.02	64.786	1.5341	171.73	0.3
-148.98	64.932	1.5073	167.91	0.3
-148.97	65.17	1.7482	165.61	0.3
-148.94	65.212	1.8289	157.77	0.3
-148.93	66.22	1.6932	156.85	0.3
-148.92	66.369	1.7117	160.79	0.3
-147.91	68.188	1.7466	156.59	0.3
-148.22	60.209	1.5883	178.55	0.3
-148.16	60.385	1.6503	4.9092	0.3
-148.06	60.464	1.4553	8.1421	0.3
-148.17	60.94	1.6028	19.901	0.3
-148.16	61.263	1.5399	24.506	0.3
-148.38	61.773	0.58688	157.41	0.3
-148.43	61.979	0.18372	165.32	0.3
-148.51	62.159	1.0235	62.425	0.3
-148.5	62.284	1.6369	74.183	0.3
-148.56	62.466	1.7419	104.45	0.3
-148.76	62.909	2.0692	129.7	0.3
-148.38	63.462	2.1745	135.33	0.3
-148.36	63.477	1.9404	138.43	0.3
-148.52	63.7	2.1242	142.53	0.3
-148.59	63.93	2.1214	162.19	0.3
-148.42	64.152	2.0259	178.71	0.3
-148.24	64.35	2.0171	176.96	0.3
-148.27	64.599	1.4479	173.24	0.3
-148.53	64.797	1.2548	167.54	0.3
-148.61	65.063	1.3375	150.83	0.3
-148.56	65.147	1.6398	153.71	0.3
-148.45	65.4	1.7723	154.88	0.3
-148.38	65.964	1.6646	152.4	0.3
-148.49	66.171	1.6843	156.9	0.3
-148.58	66.29	1.7035	157.11	0.3
-147.59	68.694	1.8866	158.77	0.3
-147.8	60.425	1.578	5.4811	0.3
-147.79	60.468	1.5502	4.741	0.3
-147.77	61.248	1.3321	23.087	0.3
-147.97	61.592	1.1501	4.3631	0.3
-148.03	61.716	0.53757	4.799	0.3
-147.99	62.015	0.78076	43.63	0.3
-148.02	62.109	0.74409	53.939	0.3
-148.15	62.266	1.6062	68.771	0.3
-148.26	62.358	1.6369	78.015	0.3
-148.31	62.977	1.9697	139.03	0.3
-147.99	63.303	2.2513	142.32	0.3
-148.02	63.515	2.4352	142.94	0.3
-147.89	63.625	2.1343	163.96	0.3
-148.01	64.375	1.9779	179.99	0.3
-147.97	64.566	1.5241	174.72	0.3
-147.94	64.762	1.2928	172.83	0.3
-148.05	64.903	1.4218	158.54	0.3
-148.25	65.441	1.7891	153.41	0.3
-148.17	65.725	1.7202	151.79	0.3
-148.15	66.181	1.7244	159.58	0.3
-148.03	66.33	1.7889	163.02	0.3
-148.04	66.419	1.7611	160.01	0.3
-147.42	68.712	1.8646	159.4	0.3
-147.55	60.411	1.5711	178.96	0.3
-147.52	60.508	1.4202	5.278	0.3
-147.42	60.699	1.3991	10.54	0.3
-147.44	60.903	1.2848	22.097	0.3
-147.44	61.369	1.3481	36.208	0.3
-147.67	61.533	1.1711	26.406	0.3
-147.7	61.729	0.66768	30.124	0.3
-147.81	61.971	1.3259	43.3	0.3
-147.9	62.108	1.0551	38.79	0.3
-147.91	62.235	1.409	60.06	0.3
-147.45	63.207	2.0361	149.28	0.3
-147.49	63.25	1.9775	154.73	0.3
-147.52	63.413	1.8644	152.11	0.3
-147.56	63.546	2.103	156.35	0.3
-147.54	63.623	2.2482	161.34	0.3
-147.45	63.937	2.0117	3.6437	0.3
-147.58	64.181	1.9329	5.9904	0.3
-147.66	64.387	1.969	3.7247	0.3
-147.57	64.533	1.4558	3.3207	0.3
-147.7	64.754	1.3272	174.47	0.3
-147.68	64.86	1.4379	169.8	0.3
-147.87	65.979	1.7131	154.4	0.3
-147.85	66.33	1.7594	164.63	0.3
-147.63	66.519	1.9199	159.75	0.3
-147.39	66.675	1.8982	162.26	0.3
-146.99	69.012	1.9197	155.33	0.3
-146.61	69.41	1.874	153.25	0.3
-147.24	60.295	1.4078	178.53	0.3
-147.32	60.396	0.94922	179.56	0.3
-147.28	60.57	1.2266	13.253	0.3
-147.21	60.747	1.3505	13.731	0.3
-147.11	60.903	1.4373	18.496	0.3
-147.05	61.267	1.5211	35.482	0.3
-147.15	61.338	1.5273	34.485	0.3
-147.03	61.482	1.4626	31.058	0.3
-147.06	61.705	0.74041	40.628	0.3
-147.68	62.197	1.2305	39.556	0.3
-147.15	63.378	2.1545	144.18	0.3
-147.18	63.528	1.9796	147.09	0.3
-147.31	63.624	2.3584	159.4	0.3
-147.27	63.906	2.041	179.87	0.3
-147.27	64.202	1.982	10.148	0.3
-147.05	64.436	1.8302	7.3006	0.3
-147.03	64.491	1.6042	7.8395	0.3
-147.58	65.243	1.7483	162.53	0.3
-147.65	65.995	1.889	158.96	0.3
-147.24	66.585	1.9977	165.47	0.3
-147.15	66.759	1.7826	165.58	0.3
-146.87	67.177	1.7236	167.09	0.3
-146.88	67.323	1.7394	168.39	0.3
-146.81	68.749	1.805	159.53	0.3
-146.79	69.038	1.9247	156.45	0.3
-146.74	69.108	1.9506	155.51	0.3
-146.17	69.579	1.93	149.27	0.3
-147.03	60.226	1.2578	177.86	0.3
-147	60.373	1.4704	2.1982	0.3
-146.86	60.799	1.0601	18.547	0.3
-146.72	60.997	1.3278	15.552	0.3
-146.76	61.204	1.3973	21.171	0.3
-146.73	61.364	0.72607	14.267	0.3
-146.62	61.504	0.62935	20.92	0.3
-146.69	61.68	0.90651	41.737	0.3
-146.73	61.715	0.91101	44.65	0.3
-147.11	63.331	2.0988	148.77	0.3
-146.86	63.542	1.6503	123.17	0.3
-146.79	63.623	1.5997	170.83	0.3
-146.92	64.461	1.683	8.171	0.3
-146.91	64.483	1.6694	8.9856	0.3
-147.07	64.801	1.7046	178.57	0.3
-146.93	65.92	1.8641	157.23	0.3
-147.16	66.465	1.9487	165.77	0.3
-147.06	66.604	1.958	163.22	0.3
-146.72	66.95	1.7534	166.74	0.3
-146.68	67.069	1.7175	165.88	0.3
-146.6	68.809	1.8156	153.31	0.3
-145.9	69.619	1.8015	149.18	0.3
-146.71	60.302	1.6823	179.68	0.3
-146.54	60.842	1.1816	16.249	0.3
-146.41	61.012	1.0956	11.824	0.3
-146.43	61.2	1.3441	23.751	0.3
-146.43	61.393	0.65387	17.476	0.3
-146.43	61.544	0.46345	38.399	0.3
-146.5	61.613	0.67062	46.695	0.3
-146.04	63.466	1.5522	5.9478	0.3
-146.1	63.494	1.7065	9.039	0.3
-146.25	63.614	1.8695	7.4149	0.3
-146.35	63.71	1.8046	1.0026	0.3
-146.82	64.773	1.7448	3.3341	0.3
-146.68	66.839	1.8181	164.26	0.3
-146.56	66.972	1.7525	167.45	0.3
-146.38	67.261	1.7003	172.42	0.3
-146.2	68.979	1.8749	153.72	0.3
-146.15	69.038	1.9129	149.24	0.3
-146.11	69.15	1.7954	154.04	0.3
-145.97	69.359	2.0141	149.75	0.3
-146.02	60.832	0.89266	22.304	0.3
-146.16	61.017	1.3271	12.44	0.3
-146.16	61.203	1.2132	19.836	0.3
-146.2	61.396	0.91433	23.112	0.3
-146.29	61.504	0.60534	33.505	0.3
-145.65	62.2	2.1339	12.281	0.3
-145.65	62.208	2.189	13.868	0.3
-145.78	63.392	1.9925	32.265	0.3
-146.01	63.473	1.4816	10.531	0.3
-146.11	63.659	1.7156	15.495	0.3
-146.33	66.907	1.8053	174.44	0.3
-146.09	67.343	1.6748	169	0.3
-145.75	69.08	1.7754	148.13	0.3
-145.28	69.645	1.7727	153.66	0.3
-145.45	60.589	1.0415	29.155	0.3
-146.07	61.19	1.2837	21.652	0.3
-145.58	62.178	2.0794	3.9358	0.3
-145.28	63.262	2.1824	8.7289	0.3
-145.29	63.314	2.1092	4.8786	0.3
-145.32	65.357	1.9639	169.27	0.3
-145.21	65.68	2.1236	175.88	0.3
-145.69	67.488	1.6848	167.42	0.3
-145.15	69.608	1.5831	156.59	0.3
-145.17	69.644	1.7257	154.75	0.3
-144.81	60.465	0.32737	60.622	0.3
-144.79	60.518	0.28213	59.195	0.3
-144.93	63.222	2.1407	14.779	0.3
-145.02	63.341	2.0593	16.281	0.3
-144.99	63.42	2.0035	22.095	0.3
-144.94	65.514	1.9176	168.58	0.3
-144.95	65.658	1.9268	169.83	0.3
-145.15	66.164	1.8015	171.08	0.3
-145.46	68.247	1.8109	157.21	0.3
-144.65	69.226	1.6208	152.07	0.3
-144.72	69.414	1.5741	148.82	0.3
-144.87	69.582	1.8435	157.47	0.3
-144.9	69.657	1.9705	154.25	0.3
-144.29	60.473	0.24464	77.714	0.3
-144.12	62.954	2.1236	6.2325	0.3
-144.45	63.122	1.9435	17.965	0.3
-144.66	63.293	2.1618	33.985	0.3
-144.86	63.397	2.1193	23.849	0.3
-144.55	65.599	1.897	169.16	0.3
-144.98	67.18	1.7927	169.86	0.3
-144.55	69.237	1.5245	156.26	0.3
-144.42	69.528	1.5896	157.95	0.3
-144.46	69.67	1.672	153.81	0.3
-143.72	60.554	0.30429	102.92	0.3
-144.02	62.99	2.069	24.974	0.3
-144.14	63.065	2.158	15.801	0.3
-144.24	63.18	2.0136	20.615	0.3
-144.31	65.561	1.9288	170.31	0.3
-144.25	65.622	1.7801	172.65	0.3
-143.3	66.647	1.6088	0.98435	0.3
-144.41	67.073	1.675	173.2	0.3
-144.64	67.205	1.7676	173.29	0.3
-144.19	69.471	1.4938	170.95	0.3
-144.18	69.544	1.7461	158.6	0.3
-144.24	69.63	1.6357	152.78	0.3
-143.29	60.47	1.519	134.28	0.3
-143.39	60.562	1.4304	127.21	0.3
-143.43	60.622	1.2787	128.37	0.3
-143.54	62.787	1.6005	11.652	0.3
-143.67	62.898	1.8665	38.613	0.3
-143.56	63.127	2.1786	50.913	0.3
-143.58	63.17	2.1686	41.213	0.3
-143.66	65.763	1.7058	176.39	0.3
-143.06	60.401	2.2673	141.28	0.3
-143.08	60.433	2.4145	133.62	0.3
-143.09	60.532	2.4593	139.29	0.3
-143.08	60.632	2.5444	153.23	0.3
-143.02	62.592	1.9406	18.484	0.3
-143.33	62.718	1.705	10.609	0.3
-143.44	62.952	1.8171	27.824	0.3
-143.38	63.134	2.1141	48.953	0.3
-143.61	65.632	1.7363	173.34	0.3
-143.19	65.788	1.6805	173.17	0.3
-142.93	66.827	1.6427	1.4138	0.3
-142.9	60.463	2.5208	138.43	0.3
-142.79	60.563	2.5469	143.94	0.3
-142.82	60.602	2.4733	149.19	0.3
-142.11	61.77	2.0248	6.1635	0.3
-142.51	62.05	1.8964	7.8606	0.3
-142.59	62.267	1.8603	9.7349	0.3
-142.67	62.419	1.8956	17.052	0.3
-142.81	62.516	2.0759	19.736	0.3
-142.38	66.257	1.535	3.3939	0.3
-142.38	66.308	1.5883	2.9527	0.3
-141.84	60.175	2.1196	162.54	0.3
-142.22	62.24	1.4045	12.559	0.3
-142.37	62.303	1.5594	11.806	0.3
-142.29	66.185	1.6812	0.91153	0.3
-142.3	66.245	1.5633	4.6195	0.3
-142.29	66.315	1.6336	2.9701	0.3
-142.26	66.375	1.5905	3.3891	0.3
-142.34	66.471	1.6028	3.8643	0.3
-141.54	60.035	2.3181	172.1	0.3
-141.62	60.143	2.1111	178.03	0.3
-141.61	60.329	2.0631	170.15	0.3
-141.58	60.458	2.0462	165.92	0.3
-141.88	60.553	2.2881	172.22	0.3
-141.44	61.672	1.8852	10.528	0.3
-141.79	62.194	1.7047	15.466	0.3
-141.87	62.237	1.6341	17.221	0.3
-142.14	66.237	1.6705	1.411	0.3
-142.23	66.378	1.5955	1.7297	0.3
-141.41	60.003	2.3906	154.33	0.3
-141.35	60.132	2.2802	165.04	0.3
-141.35	60.307	2.3761	161.62	0.3
-141.42	60.465	2.1989	166.37	0.3
-141.08	61.412	1.8296	9.9346	0.3
-141.19	61.508	1.9398	9.6346	0.3
-141.19	61.563	1.9451	9.4218	0.3
-141.25	61.667	1.8987	10.102	0.3
-141.44	61.979	2.0019	7.7392	0.3
-141.53	62.151	1.9327	13.73	0.3
-141.58	62.202	1.8757	16.645	0.3
-142.08	66.241	1.6528	2.5232	0.3
-140.91	59.999	2.342	154.46	0.3
-140.97	60.159	2.1012	166.11	0.3
-140.96	60.277	1.8445	162.17	0.3
-141	60.422	2.3819	164.93	0.3
-140.67	61.296	1.8423	20.308	0.3
-140.92	61.47	1.8522	10.236	0.3
-141	61.554	1.9811	13.491	0.3
-141	61.622	1.956	10.828	0.3
-141.06	61.802	1.8325	11.32	0.3
-141.55	65.387	1.7867	174.94	0.3
-142.02	67.106	1.6221	2.1003	0.3
-140.6	60.04	2.1791	164.4	0.3
-140.6	60.121	2.104	158.55	0.3
-140.53	60.31	1.9601	159.53	0.3
-140.58	60.385	2.1717	149.41	0.3
-140.48	60.689	2.0894	175.3	0.3
-140.38	61.241	1.763	21.303	0.3
-140.48	61.355	1.8936	16.357	0.3
-140.66	61.51	2.0396	14.022	0.3
-140.81	61.597	1.9398	13.128	0.3
-141.17	62.138	1.9393	10.831	0.3
-140.26	60.064	2.1698	147.44	0.3
-140.22	60.15	1.975	144.56	0.3
-140.26	61.129	1.8135	27.927	0.3
-140.23	61.21	1.8003	29.44	0.3
-140.3	61.317	1.9565	26.771	0.3
-139.29	59.774	2.6733	146.28	0.3
-139.37	59.837	2.6107	163.23	0.3
-139.53	59.967	2.4956	135.5	0.3
-139.71	60.119	2.1666	139.84	0.3
-139.83	60.246	2.1337	145.61	0.3
-140.14	61.285	1.8964	27.964	0.3
-139.04	59.683	2.4777	21.273	0.3
-139.13	59.794	2.5511	31.122	0.3
-139.22	59.888	2.6961	59.658	0.3
-139.35	60.026	2.5026	150.3	0.3
-139.2	61.092	2.0528	17.164	0.3
-140.13	61.981	1.8809	15.351	0.3
-140.46	65.492	1.8703	175.63	0.3
-139.93	66.987	1.7172	12.323	0.3
-138.86	59.621	2.1963	33.721	0.3
-138.94	59.749	2.4725	27.927	0.3
-138.83	60.33	2.3075	9.5802	0.3
-138.53	60.908	2.0783	17.027	0.3
-138.41	64.902	2.059	3.6541	0.3
-138.03	59.159	2.085	40.145	0.3
-138.28	59.386	2.0004	38.042	0.3
-138.69	59.689	2.1665	36.423	0.3
-138.37	60.821	2.1126	9.2423	0.3
-138.39	60.905	2.0803	16.279	0.3
-137.51	58.621	2.2127	35.378	0.3
-137.48	58.782	2.1739	48.664	0.3
-137.88	59.511	2.0078	46.328	0.3
-137.92	60.464	2.1053	29.917	0.3
-138.24	60.743	2.2105	17.74	0.3
-137.32	58.408	2.2749	37.909	0.3
-137.27	58.495	2.2585	37.523	0.3
-137.32	58.596	2.2652	39.598	0.3
-137.29	58.75	2.2926	43.868	0.3
-137.28	58.935	2.1458	59.304	0.3
-136.86	59.802	2.0372	55.844	0.3
-137.16	58.493	2.3065	35.724	0.3
-136.84	59.007	2.2396	65.901	0.3
-136.76	59.114	2.2334	59.282	0.3
-136.73	59.228	2.0739	62.664	0.3
-136.7	59.803	2.0652	55.713	0.3
-136.71	59.844	1.9837	50.934	0.3
-138.02	61.713	1.9322	15.157	0.3
-136.84	58.067	2.3277	33.696	0.3
-136.7	58.939	2.2804	72.624	0.3
-136.59	59.064	2.214	67.029	0.3
-136.51	59.128	2.1736	67.417	0.3
-136.53	59.251	2.2043	62.332	0.3
-136.6	59.696	2.118	61.279	0.3
-136.63	59.795	1.9782	61.564	0.3
-136.66	59.841	1.9367	57.458	0.3
-136.87	67.374	1.8263	11.576	0.3
-137.03	67.44	1.8521	12.626	0.3
-136.04	56.723	2.1967	24.958	0.3
-136.42	59.144	2.2126	65.658	0.3
-136.55	59.794	2.0462	61.815	0.3
-135.71	66.619	1.9726	16.03	0.3
-135.29	66.086	2.029	15.699	0.3
-135.4	66.219	1.9827	17.007	0.3
-135.56	66.502	2.0327	18.432	0.3
-134.98	55.43	2.0315	24.578	0.3
-135.06	55.535	1.9744	29.297	0.3
-135.12	55.693	2.0319	23.677	0.3
-135.85	59.345	2.2001	63.274	0.3
-134.8	65.03	2.0074	6.9648	0.3
-134.84	65.457	2.0052	11.893	0.3
-134.9	65.549	2.047	13.356	0.3
-135.23	66.06	2.0359	15.425	0.3
-135.24	66.205	2.0109	17.57	0.3
-134.69	55.183	1.8932	35.456	0.3
-134.81	55.306	2.09	27.975	0.3
-134.62	65.334	2.0089	10.823	0.3
-133.98	54.358	1.9154	27.206	0.3
-134.25	54.714	1.902	30.169	0.3
-134.34	54.846	1.9274	27.994	0.3
-135.73	59.037	2.3467	67.532	0.3
-134.32	65.175	2.0616	11.321	0.3
-134.47	65.507	2.032	12.426	0.3
-133.59	54.008	1.9074	28.356	0.3
-134.07	65.158	2.0398	12.854	0.3
-134.03	65.263	2.0704	11.92	0.3
-134.26	65.49	2.0484	13.23	0.3
-134.25	62.37	2.0068	15.899	0.3
-133.98	65.293	2.0438	13.455	0.3
-133.52	65.075	2.1254	9.8779	0.3
-132.01	52.48	1.8552	24.203	0.3
-131.8	52.259	1.8685	24.369	0.3
-131.9	52.362	1.879	23.292	0.3
-131.21	51.368	1.6582	24.008	0.3
-131.29	51.499	1.8285	16.842	0.3
-131.35	51.607	1.5786	19.208	0.3
-131.46	51.82	1.812	25.183	0.3
-131.54	51.978	1.8312	24.389	0.3
-131.56	52.05	1.8749	24.542	0.3
-130.89	51.023	1.5737	24.308	0.3
-131.04	51.162	1.6532	23.113	0.3
-131.1	51.334	1.6746	23.434	0.3
-131.14	51.429	1.6594	24.731	0.3
-130.32	49.474	1.6095	5.5062	0.3
-130.34	49.808	1.4489	10.299	0.3
-130.33	49.949	1.4268	10.878	0.3
-130.44	50.422	1.2605	25.297	0.3
-130.51	50.538	1.3239	25.134	0.3
-130.63	50.784	1.4909	23.769	0.3
-130.68	50.973	1.6909	24.314	0.3
-130.69	51.065	1.6546	28.013	0.3
-130.79	51.245	1.6577	26.888	0.3
-130.91	51.373	1.6546	28.97	0.3
-131.02	51.475	1.7364	27.456	0.3
-132.03	54.396	1.9728	26.407	0.3
-129.98	49.108	1.597	3.3682	0.3
-130.03	49.181	1.5687	4.7632	0.3
-130.21	49.414	1.5505	6.553	0.3
-130.29	49.65	1.5295	7.4684	0.3
-130.26	49.82	1.4718	9.2437	0.3
-130.27	49.943	1.4187	11.888	0.3
-130.29	50.152	1.4489	18.847	0.3
-130.31	50.387	1.3732	21.113	0.3
-130.37	50.481	1.3051	24.203	0.3
-130.46	50.695	1.584	23.923	0.3
-130.52	50.949	1.6655	29.887	0.3
-130.56	51.053	1.788	29.141	0.3
-130.74	64.152	2.0571	20.588	0.3
-132.45	66.195	2.0528	14.299	0.3
-129.72	49.031	1.5605	179.51	0.3
-129.78	49.122	1.5287	1.3571	0.3
-130.14	50.178	1.3263	19.06	0.3
-130.17	50.342	1.3667	19.974	0.3
-130.29	50.62	1.6109	17.06	0.3
-129.17	48.308	1.5685	13.823	0.3
-129.38	48.923	1.5219	2.2768	0.3
-129.44	49.014	1.5262	178.49	0.3
-129.42	49.101	1.5693	176.94	0.3
-129.47	49.212	1.5755	179.5	0.3
-129.58	49.365	1.5281	177.29	0.3
-129.09	61.227	2.0793	47.999	0.3
-128.89	61.342	2.0742	49.039	0.3
-129.08	63.618	2.0325	29.555	0.3
-130.59	64.774	2.1854	18.853	0.3
-129.02	47.867	1.56	12.947	0.3
-129.02	47.882	1.6066	13.684	0.3
-129.02	48.333	1.5854	12.628	0.3
-128.98	48.693	1.6501	12.164	0.3
-129.02	48.857	1.4843	1.9786	0.3
-129.05	48.966	1.3918	2.3177	0.3
-129.11	49.116	1.3097	177.78	0.3
-129.13	49.175	1.3319	178.36	0.3
-129.78	64.318	2.1416	20.585	0.3
-128.7	48.701	1.6077	11.497	0.3
-128.68	48.852	1.512	1.6268	0.3
-128.76	49.132	1.5588	179.37	0.3
-128.57	48.744	1.5783	11.138	0.3
-128.43	48.857	1.5709	3.9371	0.3
-128.42	48.944	1.5247	3.5375	0.3
-128.48	49.007	1.5829	2.8078	0.3
-128.19	49.241	1.5467	0.42427	0.3
-128.21	49.265	1.5339	0.26038	0.3
-127.35	62.685	2.0094	40.069	0.3
-128.01	49.22	1.5654	3.3571	0.3
-127.39	49.081	1.5652	4.3164	0.3
-126.41	63.099	2.0356	41.797	0.3
-126.48	63.15	2.0587	42.345	0.3
-126.01	62.808	2.0223	40.633	0.3
-125.75	48.609	1.8744	3.2436	0.3
-125.74	61.727	2.068	41.671	0.3
-125.61	62.619	2.0158	40.91	0.3
-125.73	62.686	1.9881	40.92	0.3
-125.52	49.97	1.7869	179.36	0.3
-124.72	62.318	2.002	41.411	0.3
-124.77	62.35	1.9944	39.287	0.3
-124.73	62.321	2.0175	41.271	0.3
-125.09	63.214	2.1518	46.578	0.3
-123.12	47.802	1.9803	179.78	0.3
-123.47	48.617	1.9593	179.21	0.3
-122.96	47.74	2.0151	178.53	0.3
-122.97	47.787	1.9845	179	0.3
-122.97	47.935	1.948	179.98	0.3
-124.62	64.729	2.1443	39.152	0.3
-122.73	48.305	1.8716	179.55	0.3
-123	48.983	1.9427	179.82	0.3
-122.5	48.104	1.92	179.67	0.3
-122.54	48.28	1.9114	179.89	0.3
-120.39	53.913	2.2268	23.931	0.3
-120.63	56.418	2.2299	39.525	0.3
-121.1	47.844	1.7959	177.27	0.3
-121.1	47.859	1.7757	177.47	0.3
-121.08	48.005	1.7872	178.7	0.3
-119.7	55.864	2.168	30.751	0.3
-119.78	55.931	2.1408	32.051	0.3
-120.02	48.393	1.8646	2.3033	0.3
-119.04	55.84	2.174	31.424	0.3
-119.61	48.903	2.0801	1.5161	0.3
-117.32	54.551	2.2318	24.812	0.3
-116.93	54.394	2.1826	23.486	0.3
-116.73	56.066	2.2385	32.91	0.3
-115.77	48.217	2.1047	9.6846	0.3
-115.44	52.517	2.073	25.155	0.3
-115.47	52.747	2.1832	29.702	0.3
-115.05	47.845	2.1529	7.4153	0.3
-115.14	48.541	2.1672	13.606	0.3
-115.01	52.44	2.0456	24.658	0.3
-114.03	47.708	2.151	11.154	0.3
-114.02	48.644	2.1256	14.372	0.3
