-181.26	51.6	0.086224	17.245
-180.96	51.6	0.10725	21.45
-180.06	51.3	0.086224	17.245
-179.76	51.3	0.1141	22.819
-179.46	51	0.13519	27.038
-179.46	51.3	0.12242	24.483
-179.46	51.6	0.15956	31.912
-179.46	51.9	0.13654	27.308
-179.16	51	0.088171	17.634
-179.16	51.3	0.13519	27.038
-179.16	51.6	0.13643	27.287
-179.16	51.9	0.14341	28.682
-179.16	64.2	0.089205	17.841
-178.86	51	0.079366	15.873
-178.86	51.3	0.094266	18.853
-178.86	51.6	0.13796	27.592
-178.56	51.3	0.080517	16.103
-178.56	51.6	0.1511	30.219
-178.56	51.9	0.13665	27.329
-178.26	51.3	0.099574	19.915
-178.26	51.6	0.13209	26.417
-178.26	51.9	0.14895	29.791
-177.96	51	0.064748	12.95
-177.96	51.3	0.13543	27.086
-177.96	51.6	0.14693	29.385
-177.96	51.9	0.14725	29.45
-177.66	51	0.059465	11.893
-177.66	51.3	0.10878	21.756
-177.66	51.6	0.15285	30.57
-177.66	51.9	0.1466	29.32
-177.66	60.3	0.09128	18.256
-177.66	60.6	0.09128	18.256
-177.36	51	0.035278	7.0555
-177.36	51.9	0.13258	26.516
-177.36	60.3	0.09128	18.256
-177.06	51	0.031506	6.3011
-177.06	51.3	0.036061	7.2123
-177.06	51.6	0.11361	22.722
-176.76	51	0.040641	8.1281
-176.76	51.3	0.033449	6.6898
-176.76	51.6	0.050026	10.005
-176.46	51	0.025828	5.1655
-176.46	51.3	0.024308	4.8615
-176.46	51.6	0.045476	9.0952
-176.16	51	0.021256	4.2512
-176.16	51.3	0.024299	4.8598
-176.16	51.6	0.027898	5.5796
-176.16	51.9	0.099209	19.842
-175.86	51	0.026001	5.2002
-175.86	51.3	0.027746	5.5492
-175.86	51.9	0.060233	12.047
-175.86	52.2	0.078113	15.623
-175.56	51.3	0.022686	4.5372
-175.56	52.2	0.091839	18.368
-175.26	51.3	0.020676	4.1351
-175.26	51.6	0.020162	4.0324
-175.26	58.5	0.12399	24.798
-174.96	51.3	0.01702	3.4039
-174.96	51.6	0.022011	4.4022
-174.96	51.9	0.075376	15.075
-174.96	52.2	0.093829	18.766
-174.96	52.5	0.10031	20.062
-174.96	52.8	0.099837	19.967
-174.96	58.5	0.12399	24.798
-174.66	51.3	0.010866	2.1733
-174.66	51.6	0.020136	4.0272
-174.66	51.9	0.028857	5.7714
-174.66	52.5	0.11105	22.211
-174.66	66.3	0.088497	17.699
-174.36	51.3	0.02432	4.8639
-174.36	51.6	0.025715	5.1429
-174.36	51.9	0.020569	4.1138
-174.36	52.5	0.1068	21.361
-174.36	66.3	0.088497	17.699
-174.36	67.2	0.092524	18.505
-174.06	51.3	0.031264	6.2527
-174.06	51.6	0.024453	4.8906
-174.06	52.5	0.073897	14.779
-174.06	67.2	0.092524	18.505
-173.76	51.3	0.02285	4.5699
-173.76	51.6	0.021921	4.3842
-173.76	51.9	0.025214	5.0428
-173.76	52.2	0.053299	10.66
-173.76	52.5	0.058551	11.71
-173.46	51.3	0.017391	3.4782
-173.46	51.6	0.017616	3.5233
-173.46	51.9	0.016291	3.2582
-173.46	52.2	0.044518	8.9036
-173.16	51.3	0.014782	2.9565
-173.16	51.6	0.018729	3.7457
-173.16	51.9	0.015312	3.0624
-173.16	66.9	0.092524	18.505
-172.86	51.3	0.017063	3.4126
-172.86	51.6	0.018729	3.7457
-172.86	66.9	0.092524	18.505
-172.56	51.6	0.018546	3.7091
-171.96	51.9	0.046249	9.2499
-171.96	52.5	0.090728	18.146
-171.36	51.6	0.05248	10.496
-171.36	52.8	0.15405	30.811
-171.06	51.6	0.065098	13.02
-171.06	51.9	0.086624	17.325
-171.06	64.5	0.086027	17.205
-171.06	64.8	0.086027	17.205
-171.06	66.9	0.08847	17.694
-170.76	51.9	0.065098	13.02
-170.76	52.2	0.099732	19.946
-170.76	64.5	0.086298	17.26
-170.76	66.9	0.08847	17.694
-170.46	51.9	0.071404	14.281
-170.46	52.2	0.10298	20.597
-170.46	52.8	0.098824	19.765
-170.46	64.8	0.086298	17.26
-170.46	66.9	0.08847	17.694
-170.16	51.9	0.085229	17.046
-170.16	52.2	0.068771	13.754
-170.16	52.5	0.11601	23.201
-170.16	52.8	0.10656	21.312
-170.16	64.8	0.079637	15.927
-169.86	51.9	0.055425	11.085
-169.86	52.2	0.069383	13.877
-169.86	52.5	0.12429	24.858
-169.86	52.8	0.11874	23.748
-169.86	65.7	0.081475	16.295
-169.56	51.9	0.048416	9.6832
-169.56	52.2	0.045631	9.1262
-169.56	52.5	0.12236	24.471
-169.56	52.8	0.12605	25.209
-169.56	65.7	0.075828	15.166
-169.26	51.9	0.051674	10.335
-169.26	52.2	0.032852	6.5704
-169.26	52.5	0.10272	20.544
-169.26	56.7	0.18802	37.603
-168.96	51.9	0.025376	5.0752
-168.96	52.2	0.027885	5.5771
-168.96	52.5	0.1199	23.98
-168.96	56.7	0.18825	37.649
-168.66	52.2	0.020419	4.0837
-168.66	53.1	0.10282	20.563
-168.66	56.7	0.18164	36.327
-168.36	52.2	0.020751	4.1501
-168.36	52.5	0.02594	5.1879
-168.36	52.8	0.053648	10.73
-168.36	53.1	0.091204	18.241
-168.36	54.3	0.15093	30.187
-168.06	52.2	0.0196	3.9201
-168.06	52.8	0.033984	6.7968
-168.06	54.3	0.14596	29.191
-167.76	52.2	0.025722	5.1445
-167.76	54	0.13637	27.275
-167.76	56.4	0.20577	41.154
-167.46	52.2	0.023942	4.7884
-167.46	52.5	0.033602	6.7203
-167.46	52.8	0.043069	8.6138
-167.46	53.4	0.10761	21.523
-167.46	53.7	0.13506	27.011
-167.46	54	0.13506	27.011
-167.46	60.9	0.15078	30.155
-167.16	52.5	0.039748	7.9496
-167.16	52.8	0.052669	10.534
-167.16	53.1	0.084751	16.95
-167.16	53.4	0.11515	23.03
-167.16	53.7	0.13506	27.011
-167.16	54	0.13674	27.348
-167.16	60.9	0.14973	29.946
-167.16	65.4	0.075419	15.084
-167.16	65.7	0.075419	15.084
-166.86	52.5	0.039748	7.9496
-166.86	52.8	0.052669	10.534
-166.86	53.1	0.088587	17.717
-166.86	53.7	0.1349	26.98
-166.86	54	0.13674	27.348
-166.86	60.9	0.14973	29.946
-166.86	65.4	0.075419	15.084
-166.86	65.7	0.075419	15.084
-166.86	67.8	0.099013	19.803
-166.86	68.1	0.1006	20.12
-166.56	52.5	0.042911	8.5821
-166.56	52.8	0.08155	16.31
-166.56	53.1	0.087028	17.406
-166.56	65.4	0.061979	12.396
-166.56	65.7	0.061979	12.396
-166.56	66	0.072112	14.422
-166.56	67.8	0.09119	18.238
-166.56	68.1	0.10892	21.785
-166.26	52.5	0.045286	9.0572
-166.26	65.7	0.061979	12.396
-166.26	66	0.072112	14.422
-166.26	68.1	0.10892	21.785
-165.96	54	0.15553	31.107
-165.96	65.4	0.061979	12.396
-165.96	66	0.066091	13.218
-165.66	53.4	0.11581	23.161
-165.66	54	0.14056	28.113
-165.66	65.4	0.061979	12.396
-165.66	65.7	0.061979	12.396
-165.36	53.4	0.095134	19.027
-165.36	64.5	0.061322	12.264
-165.36	65.7	0.061876	12.375
-165.06	65.7	0.066091	13.218
-164.46	52.8	0.024725	4.945
-164.46	53.4	0.030282	6.0564
-164.46	54.6	0.089884	17.977
-164.46	65.1	0.064839	12.968
-164.16	52.8	0.023871	4.7743
-164.16	53.4	0.029325	5.865
-164.16	54.3	0.088789	17.758
-164.16	54.6	0.090937	18.187
-164.16	56.1	0.18154	36.308
-164.16	66.3	0.077864	15.573
-163.86	53.4	0.028951	5.7903
-163.86	54.3	0.08457	16.914
-163.86	54.6	0.084403	16.881
-163.86	64.5	0.062363	12.473
-163.86	66.3	0.080219	16.044
-163.86	67.2	0.10173	20.346
-163.56	53.4	0.028951	5.7903
-163.56	53.7	0.024777	4.9554
-163.56	54	0.055258	11.052
-163.56	54.6	0.084403	16.881
-163.56	64.5	0.072795	14.559
-163.56	67.2	0.096052	19.21
-163.26	53.4	0.028951	5.7903
-163.26	53.7	0.028154	5.6308
-163.26	54	0.056552	11.31
-163.26	65.4	0.061928	12.386
-163.26	67.2	0.093945	18.789
-162.96	53.4	0.024857	4.9714
-162.96	53.7	0.028154	5.6308
-162.96	54.3	0.09164	18.328
-162.96	65.4	0.073676	14.735
-162.96	67.5	0.10539	21.078
-162.66	53.7	0.028154	5.6308
-162.66	54.3	0.071226	14.245
-162.66	67.5	0.10346	20.693
-162.66	67.8	0.12167	24.333
-162.66	68.1	0.13713	27.426
-162.36	54.3	0.071226	14.245
-162.36	60.3	0.16477	32.955
-162.36	65.4	0.073676	14.735
-162.36	67.5	0.11847	23.693
-162.36	67.8	0.13151	26.302
-162.36	68.1	0.13713	27.426
-162.06	60	0.19296	38.592
-162.06	60.3	0.1546	30.92
-162.06	65.4	0.09275	18.55
-162.06	67.8	0.12518	25.037
-162.06	68.1	0.13713	27.426
-161.76	55.5	0.14747	29.494
-161.76	60	0.17018	34.036
-161.76	65.4	0.095039	19.008
-161.76	67.8	0.12518	25.037
-161.46	54.3	0.108	21.599
-161.46	54.6	0.12481	24.962
-161.46	55.5	0.17512	35.024
-161.46	68.1	0.13487	26.973
-161.16	54.3	0.088194	17.639
-161.16	54.6	0.12481	24.962
-161.16	68.1	0.13549	27.098
-160.86	67.2	0.11582	23.165
-160.56	64.5	0.081152	16.23
-160.56	67.2	0.11582	23.165
-160.26	54.9	0.13079	26.158
-160.26	64.5	0.069737	13.947
-160.26	67.2	0.11952	23.905
-159.96	61.5	0.16467	32.934
-159.66	54.3	0.084274	16.855
-159.66	61.5	0.15751	31.501
-159.36	54.3	0.092145	18.429
-159.36	60	0.12923	25.846
-159.06	54.6	0.15403	30.805
-159.06	60	0.13138	26.275
-159.06	62.4	0.15763	31.526
-159.06	67.5	0.10677	21.354
-159.06	67.8	0.1235	24.7
-158.76	54.6	0.16353	32.705
-158.76	60.9	0.21801	43.603
-158.76	62.4	0.15838	31.675
-158.46	62.4	0.14778	29.557
-158.46	68.1	0.1235	24.7
-158.16	55.8	0.15184	30.369
-158.16	57	0.13829	27.658
-158.16	62.4	0.14778	29.557
-158.16	63.6	0.13503	27.007
-158.16	66.6	0.070176	14.035
-158.16	66.9	0.0909	18.18
-158.16	68.1	0.11518	23.037
-157.86	57	0.12693	25.387
-157.86	57.3	0.15567	31.133
-157.86	58.8	0.18495	36.99
-157.86	61.8	0.15429	30.857
-157.86	63.6	0.12619	25.237
-157.86	66.3	0.092349	18.47
-157.86	66.6	0.076225	15.245
-157.86	66.9	0.085963	17.193
-157.86	68.1	0.11263	22.526
-157.56	57	0.12693	25.387
-157.56	57.3	0.15858	31.716
-157.56	58.8	0.18189	36.377
-157.56	61.8	0.15174	30.347
-157.56	64.2	0.11034	22.067
-157.56	66.3	0.085865	17.173
-157.56	66.9	0.091076	18.215
-157.26	57	0.14234	28.469
-157.26	57.3	0.15858	31.716
-157.26	57.9	0.10968	21.936
-157.26	58.2	0.10495	20.991
-157.26	64.2	0.1105	22.099
-157.26	66.3	0.09944	19.888
-157.26	67.2	0.11396	22.791
-156.96	55.8	0.167	33.4
-156.96	57	0.13919	27.839
-156.96	57.3	0.15858	31.716
-156.96	57.9	0.10336	20.671
-156.96	58.2	0.16362	32.724
-156.96	64.2	0.13365	26.731
-156.96	66.3	0.091106	18.221
-156.96	67.2	0.1151	23.02
-156.66	55.8	0.16405	32.81
-156.66	57.3	0.1436	28.721
-156.66	58.2	0.17256	34.512
-156.66	66.3	0.10893	21.786
-156.66	67.8	0.12648	25.296
-156.36	56.1	0.14729	29.458
-156.36	58.2	0.17241	34.482
-156.36	63	0.12488	24.975
-156.36	66	0.12373	24.745
-156.36	66.3	0.109	21.799
-156.36	67.2	0.14181	28.362
-156.36	67.5	0.12513	25.025
-156.36	67.8	0.11804	23.608
-156.06	56.1	0.14729	29.458
-156.06	57.9	0.17241	34.482
-156.06	58.2	0.17241	34.482
-156.06	58.5	0.18685	37.369
-156.06	63	0.10158	20.315
-156.06	66	0.12373	24.745
-156.06	67.2	0.14181	28.362
-156.06	67.8	0.11743	23.487
-155.76	57.6	0.17233	34.467
-155.76	57.9	0.17622	35.243
-155.76	58.2	0.18724	37.448
-155.76	58.5	0.1826	36.52
-155.76	59.7	0.14175	28.349
-155.76	63	0.099099	19.82
-155.46	57.6	0.20157	40.314
-155.46	57.9	0.18183	36.366
-155.46	58.2	0.1886	37.72
-155.46	63.3	0.12999	25.998
-155.46	63.9	0.10822	21.644
-155.16	57.6	0.22172	44.344
-155.16	58.2	0.19262	38.525
-155.16	62.1	0.2173	43.461
-155.16	63.3	0.12595	25.19
-155.16	63.9	0.11085	22.169
-155.16	64.8	0.12372	24.743
-154.86	57	0.21813	43.626
-154.86	57.6	0.23699	47.397
-154.86	58.2	0.18097	36.194
-154.86	59.4	0.099197	19.839
-154.86	62.1	0.21249	42.498
-154.86	64.8	0.11382	22.765
-154.86	65.1	0.14964	29.928
-154.86	66.3	0.11351	22.702
-154.56	57	0.22754	45.508
-154.56	57.6	0.23439	46.878
-154.56	57.9	0.22774	45.548
-154.56	58.5	0.16586	33.172
-154.56	59.1	0.11232	22.464
-154.56	59.4	0.09856	19.712
-154.56	65.1	0.16402	32.804
-154.56	66.3	0.11473	22.947
-154.26	57	0.23688	47.376
-154.26	57.6	0.23604	47.208
-154.26	57.9	0.22801	45.602
-154.26	58.5	0.15951	31.901
-154.26	59.4	0.090791	18.158
-154.26	61.5	0.33383	66.767
-154.26	62.1	0.23967	47.933
-154.26	65.1	0.15388	30.775
-154.26	66.9	0.13828	27.655
-154.26	67.2	0.14235	28.47
-153.96	57	0.23688	47.376
-153.96	58.2	0.19189	38.379
-153.96	58.8	0.11516	23.031
-153.96	59.4	0.093956	18.791
-153.96	61.5	0.33383	66.767
-153.96	61.8	0.32547	65.095
-153.96	62.1	0.25842	51.684
-153.96	63.3	0.1221	24.419
-153.96	64.2	0.12085	24.169
-153.96	65.1	0.15388	30.775
-153.96	66.6	0.13497	26.995
-153.96	67.2	0.13891	27.782
-153.66	57.3	0.24275	48.55
-153.66	58.8	0.10136	20.272
-153.66	59.1	0.093077	18.615
-153.66	59.4	0.093956	18.791
-153.66	60.3	0.18878	37.756
-153.66	61.8	0.32711	65.421
-153.66	63.3	0.11724	23.448
-153.66	65.4	0.13647	27.294
-153.66	66.3	0.074929	14.986
-153.66	66.6	0.1331	26.62
-153.36	58.8	0.10099	20.198
-153.36	59.1	0.10672	21.345
-153.36	59.7	0.14703	29.406
-153.36	60	0.19972	39.945
-153.36	60.3	0.18171	36.342
-153.36	62.1	0.24113	48.227
-153.36	63.3	0.13542	27.085
-153.36	63.6	0.14711	29.423
-153.36	63.9	0.12713	25.426
-153.36	65.4	0.13244	26.487
-153.36	66.3	0.074986	14.997
-153.06	58.8	0.088049	17.61
-153.06	59.1	0.09483	18.966
-153.06	59.4	0.14174	28.348
-153.06	59.7	0.16745	33.491
-153.06	60	0.19897	39.793
-153.06	60.6	0.18192	36.383
-153.06	60.9	0.29281	58.561
-153.06	62.1	0.24584	49.168
-153.06	62.7	0.17971	35.942
-153.06	63	0.20096	40.193
-153.06	63.3	0.11993	23.985
-153.06	63.6	0.14855	29.71
-153.06	63.9	0.14148	28.296
-153.06	64.5	0.13962	27.924
-153.06	65.4	0.12797	25.593
-153.06	65.7	0.11833	23.665
-153.06	66	0.10414	20.828
-153.06	66.3	0.080425	16.085
-152.76	57.6	0.18606	37.212
-152.76	59.4	0.1513	30.26
-152.76	59.7	0.16745	33.491
-152.76	60	0.18819	37.639
-152.76	60.3	0.21113	42.225
-152.76	60.6	0.1786	35.72
-152.76	60.9	0.27323	54.647
-152.76	62.1	0.25811	51.621
-152.76	62.4	0.22993	45.985
-152.76	62.7	0.20684	41.367
-152.76	63	0.19778	39.556
-152.76	63.3	0.13631	27.262
-152.76	63.6	0.15986	31.972
-152.76	63.9	0.1365	27.299
-152.76	64.5	0.14318	28.636
-152.76	64.8	0.13857	27.714
-152.46	57.6	0.174	34.801
-152.46	58.8	0.11462	22.925
-152.46	60	0.18372	36.744
-152.46	60.3	0.21113	42.225
-152.46	60.6	0.17756	35.512
-152.46	61.2	0.29218	58.437
-152.46	61.8	0.35756	71.513
-152.46	62.1	0.26782	53.564
-152.46	62.4	0.22993	45.985
-152.46	62.7	0.20399	40.797
-152.46	63	0.1086	21.719
-152.46	63.3	0.11716	23.432
-152.46	63.6	0.14414	28.829
-152.46	63.9	0.12915	25.831
-152.46	64.2	0.11635	23.271
-152.46	64.5	0.13659	27.318
-152.46	64.8	0.13416	26.831
-152.46	65.1	0.12743	25.486
-152.46	65.4	0.12568	25.136
-152.16	58.8	0.08915	17.83
-152.16	59.7	0.18304	36.608
-152.16	60.6	0.29474	58.948
-152.16	61.2	0.34536	69.071
-152.16	61.5	0.34075	68.149
-152.16	61.8	0.39403	78.807
-152.16	62.7	0.19227	38.453
-152.16	63.3	0.13114	26.227
-152.16	63.6	0.15112	30.225
-152.16	64.2	0.11503	23.005
-152.16	64.5	0.13659	27.318
-152.16	64.8	0.13416	26.831
-152.16	65.1	0.14142	28.284
-152.16	65.7	0.11518	23.035
-152.16	66	0.079214	15.843
-151.86	59.4	0.1598	31.96
-151.86	59.7	0.18196	36.393
-151.86	60.6	0.31957	63.915
-151.86	61.2	0.35593	71.186
-151.86	61.5	0.33594	67.189
-151.86	61.8	0.36997	73.995
-151.86	62.4	0.21928	43.856
-151.86	62.7	0.17055	34.11
-151.86	63	0.089385	17.877
-151.86	63.3	0.11896	23.792
-151.86	63.6	0.12615	25.23
-151.86	63.9	0.11997	23.993
-151.86	64.2	0.11643	23.285
-151.86	64.5	0.11624	23.249
-151.86	64.8	0.12458	24.916
-151.86	65.1	0.11606	23.212
-151.86	65.4	0.11521	23.042
-151.86	65.7	0.11883	23.765
-151.86	66	0.07456	14.912
-151.86	68.1	0.1332	26.641
-151.56	59.4	0.15947	31.894
-151.56	60.6	0.29497	58.994
-151.56	61.5	0.35158	70.317
-151.56	61.8	0.39424	78.848
-151.56	62.4	0.14778	29.555
-151.56	62.7	0.1611	32.219
-151.56	63	0.076592	15.318
-151.56	63.3	0.13268	26.537
-151.56	63.6	0.15265	30.531
-151.56	64.2	0.13132	26.264
-151.56	64.5	0.10902	21.803
-151.56	64.8	0.12744	25.487
-151.56	65.1	0.11179	22.358
-151.56	65.4	0.11083	22.166
-151.56	66	0.075847	15.169
-151.56	68.1	0.096255	19.251
-151.26	59.4	0.1741	34.82
-151.26	59.7	0.20864	41.729
-151.26	60.6	0.25673	51.347
-151.26	60.9	0.24955	49.911
-151.26	61.2	0.32537	65.073
-151.26	61.5	0.36045	72.089
-151.26	61.8	0.19562	39.123
-151.26	62.4	0.13786	27.573
-151.26	62.7	0.15253	30.506
-151.26	63	0.10121	20.241
-151.26	63.3	0.15187	30.374
-151.26	63.6	0.12466	24.931
-151.26	64.2	0.11951	23.903
-151.26	64.5	0.11381	22.763
-151.26	64.8	0.12032	24.064
-151.26	65.1	0.11961	23.922
-151.26	65.4	0.11306	22.613
-151.26	65.7	0.077629	15.526
-151.26	68.1	0.068766	13.753
-150.96	60.6	0.23984	47.968
-150.96	60.9	0.21668	43.337
-150.96	61.2	0.19675	39.35
-150.96	61.5	0.21778	43.556
-150.96	61.8	0.15952	31.903
-150.96	62.1	0.085143	17.029
-150.96	62.7	0.12843	25.687
-150.96	63	0.17079	34.159
-150.96	63.3	0.18516	37.031
-150.96	63.6	0.13081	26.162
-150.96	64.2	0.074468	14.894
-150.96	64.8	0.10127	20.254
-150.96	65.1	0.10798	21.596
-150.96	65.4	0.071082	14.216
-150.96	65.7	0.07596	15.192
-150.96	66	0.083717	16.743
-150.96	66.6	0.086512	17.302
-150.66	59.4	0.23981	47.961
-150.66	59.7	0.30852	61.704
-150.66	60.9	0.18886	37.772
-150.66	61.2	0.1861	37.22
-150.66	61.5	0.22265	44.529
-150.66	61.8	0.071106	14.221
-150.66	62.1	0.076612	15.322
-150.66	62.7	0.12498	24.996
-150.66	63	0.25044	50.088
-150.66	63.3	0.11731	23.463
-150.66	63.6	0.13306	26.611
-150.66	63.9	0.067806	13.561
-150.66	64.2	0.072917	14.583
-150.66	64.8	0.10447	20.894
-150.66	65.1	0.073114	14.623
-150.66	65.4	0.06607	13.214
-150.66	65.7	0.075962	15.192
-150.66	66	0.080701	16.14
-150.66	66.6	0.090676	18.135
-150.36	59.4	0.25019	50.038
-150.36	59.7	0.33348	66.696
-150.36	60.9	0.18659	37.318
-150.36	61.2	0.18769	37.538
-150.36	61.5	0.26572	53.144
-150.36	61.8	0.13533	27.067
-150.36	62.1	0.09712	19.424
-150.36	62.4	0.072806	14.561
-150.36	63	0.19392	38.785
-150.36	63.3	0.13666	27.331
-150.36	63.6	0.12016	24.032
-150.36	63.9	0.075643	15.129
-150.36	64.2	0.069962	13.992
-150.36	64.8	0.093724	18.745
-150.36	65.1	0.083254	16.651
-150.36	65.4	0.062191	12.438
-150.36	65.7	0.083519	16.704
-150.36	66	0.079276	15.855
-150.36	66.6	0.10002	20.004
-150.06	59.7	0.3405	68.1
-150.06	60.9	0.19112	38.225
-150.06	61.2	0.29179	58.359
-150.06	61.5	0.27867	55.734
-150.06	61.8	0.18711	37.423
-150.06	62.1	0.10761	21.522
-150.06	62.4	0.066435	13.287
-150.06	62.7	0.095037	19.007
-150.06	63	0.13753	27.506
-150.06	63.3	0.17564	35.128
-150.06	63.6	0.1025	20.501
-150.06	63.9	0.091145	18.229
-150.06	64.2	0.098522	19.704
-150.06	64.8	0.098533	19.707
-150.06	65.1	0.075763	15.153
-150.06	65.4	0.055436	11.087
-150.06	65.7	0.089279	17.856
-150.06	66	0.085102	17.02
-150.06	66.3	0.10002	20.004
-150.06	66.6	0.10638	21.275
-149.76	61.5	0.26219	52.437
-149.76	61.8	0.2099	41.98
-149.76	62.1	0.21416	42.831
-149.76	62.4	0.11974	23.949
-149.76	62.7	0.1355	27.1
-149.76	63	0.11707	23.414
-149.76	63.3	0.14379	28.758
-149.76	63.6	0.14131	28.262
-149.76	63.9	0.10044	20.089
-149.76	64.2	0.11576	23.151
-149.76	64.5	0.14614	29.227
-149.76	64.8	0.1224	24.479
-149.76	65.4	0.044238	8.8476
-149.76	65.7	0.094477	18.895
-149.76	66	0.10687	21.375
-149.76	66.3	0.10201	20.402
-149.76	66.6	0.089765	17.953
-149.76	67.5	0.075921	15.184
-149.76	67.8	0.070624	14.125
-149.46	59.4	0.24596	49.192
-149.46	60	0.23125	46.25
-149.46	60.3	0.27789	55.578
-149.46	60.6	0.2769	55.381
-149.46	61.2	0.28203	56.406
-149.46	61.5	0.2875	57.499
-149.46	61.8	0.2321	46.421
-149.46	62.1	0.27925	55.85
-149.46	62.4	0.23784	47.567
-149.46	62.7	0.14548	29.096
-149.46	63	0.069954	13.991
-149.46	63.3	0.12169	24.338
-149.46	63.6	0.13372	26.744
-149.46	63.9	0.099981	19.996
-149.46	64.2	0.12429	24.858
-149.46	64.5	0.13201	26.402
-149.46	64.8	0.080624	16.125
-149.46	65.1	0.052637	10.527
-149.46	66	0.10877	21.754
-149.46	66.3	0.095154	19.031
-149.46	66.6	0.093351	18.67
-149.46	67.5	0.078863	15.773
-149.16	59.4	0.2477	49.54
-149.16	60	0.21231	42.462
-149.16	60.3	0.1925	38.5
-149.16	60.6	0.26243	52.485
-149.16	61.2	0.34923	69.847
-149.16	61.8	0.21562	43.124
-149.16	62.1	0.27986	55.973
-149.16	62.4	0.29606	59.212
-149.16	62.7	0.14804	29.608
-149.16	63	0.13582	27.164
-149.16	63.3	0.1324	26.481
-149.16	63.6	0.15287	30.574
-149.16	63.9	0.12564	25.128
-149.16	64.5	0.098965	19.793
-149.16	64.8	0.070555	14.111
-149.16	65.1	0.074665	14.933
-149.16	65.4	0.034568	6.9136
-149.16	66	0.093965	18.793
-149.16	66.3	0.094232	18.846
-149.16	67.5	0.076492	15.298
-149.16	68.1	0.087641	17.528
-148.86	60	0.18749	37.498
-148.86	60.3	0.1927	38.54
-148.86	60.6	0.19236	38.472
-148.86	60.9	0.2149	42.979
-148.86	61.2	0.26483	52.967
-148.86	61.5	0.25939	51.879
-148.86	61.8	0.24315	48.631
-148.86	62.1	0.23401	46.801
-148.86	62.4	0.32231	64.461
-148.86	62.7	0.17593	35.186
-148.86	63	0.13223	26.446
-148.86	63.3	0.15587	31.174
-148.86	63.6	0.14308	28.616
-148.86	63.9	0.1356	27.121
-148.86	64.2	0.15794	31.587
-148.86	64.8	0.11088	22.176
-148.86	65.1	0.11483	22.966
-148.86	65.4	0.058628	11.726
-148.86	65.7	0.066731	13.346
-148.86	66	0.10485	20.969
-148.86	66.3	0.10532	21.065
-148.86	66.6	0.10555	21.109
-148.86	68.1	0.087641	17.528
-148.86	68.7	0.11994	23.988
-148.56	60	0.19229	38.458
-148.56	60.3	0.20388	40.776
-148.56	60.6	0.17358	34.716
-148.56	61.2	0.23254	46.507
-148.56	61.8	0.24614	49.229
-148.56	62.1	0.22092	44.184
-148.56	62.4	0.32835	65.671
-148.56	62.7	0.19004	38.007
-148.56	63	0.1593	31.861
-148.56	63.3	0.12085	24.17
-148.56	63.6	0.12167	24.333
-148.56	63.9	0.11986	23.973
-148.56	64.2	0.090624	18.125
-148.56	64.8	0.14776	29.552
-148.56	65.1	0.11777	23.554
-148.56	65.4	0.082345	16.469
-148.56	65.7	0.079563	15.913
-148.56	66	0.13681	27.361
-148.56	66.3	0.12005	24.01
-148.56	68.1	0.085363	17.073
-148.56	68.7	0.11994	23.988
-148.26	60.3	0.13602	27.205
-148.26	60.6	0.16107	32.214
-148.26	60.9	0.13332	26.663
-148.26	61.2	0.18222	36.445
-148.26	61.5	0.29774	59.548
-148.26	61.8	0.24159	48.319
-148.26	62.1	0.21804	43.609
-148.26	62.4	0.27728	55.457
-148.26	62.7	0.27115	54.23
-148.26	63	0.16191	32.383
-148.26	63.3	0.093988	18.798
-148.26	63.6	0.12894	25.788
-148.26	63.9	0.11467	22.935
-148.26	64.2	0.089392	17.878
-148.26	64.5	0.081981	16.396
-148.26	64.8	0.15437	30.875
-148.26	65.1	0.085771	17.154
-148.26	65.4	0.092383	18.477
-148.26	65.7	0.1074	21.479
-148.26	66	0.13041	26.083
-148.26	66.3	0.14795	29.59
-148.26	68.7	0.11199	22.399
-147.96	60.3	0.13372	26.745
-147.96	60.6	0.13352	26.704
-147.96	60.9	0.11428	22.855
-147.96	61.2	0.13335	26.67
-147.96	61.5	0.25426	50.851
-147.96	61.8	0.22038	44.075
-147.96	62.1	0.19086	38.171
-147.96	62.4	0.24965	49.93
-147.96	63	0.15063	30.126
-147.96	63.3	0.14636	29.272
-147.96	63.6	0.15374	30.747
-147.96	63.9	0.099098	19.82
-147.96	64.2	0.099417	19.883
-147.96	64.5	0.089375	17.875
-147.96	64.8	0.11657	23.315
-147.96	65.1	0.11953	23.907
-147.96	65.4	0.089291	17.858
-147.96	65.7	0.12558	25.116
-147.96	66	0.14593	29.185
-147.96	66.3	0.15088	30.176
-147.96	66.6	0.1228	24.56
-147.96	68.7	0.11169	22.338
-147.96	69	0.10837	21.673
-147.96	69.6	0.12438	24.875
-147.66	60.3	0.12732	25.464
-147.66	60.6	0.098372	19.674
-147.66	60.9	0.099223	19.845
-147.66	61.2	0.15026	30.051
-147.66	61.5	0.18281	36.561
-147.66	61.8	0.23866	47.732
-147.66	62.1	0.19532	39.063
-147.66	62.4	0.28749	57.498
-147.66	63	0.13717	27.434
-147.66	63.3	0.17226	34.452
-147.66	63.6	0.18312	36.624
-147.66	63.9	0.14682	29.365
-147.66	64.2	0.099037	19.807
-147.66	64.5	0.10132	20.264
-147.66	64.8	0.12354	24.708
-147.66	65.1	0.17897	35.794
-147.66	65.7	0.13246	26.493
-147.66	66	0.13992	27.985
-147.66	66.3	0.14839	29.677
-147.66	66.6	0.18101	36.202
-147.66	69	0.10868	21.736
-147.66	69.6	0.1275	25.501
-147.36	60.3	0.14205	28.41
-147.36	60.6	0.10531	21.063
-147.36	60.9	0.11063	22.125
-147.36	61.2	0.14293	28.585
-147.36	61.5	0.17105	34.211
-147.36	61.8	0.12582	25.164
-147.36	62.4	0.28158	56.316
-147.36	63	0.11719	23.437
-147.36	63.3	0.11459	22.919
-147.36	63.6	0.17419	34.837
-147.36	63.9	0.17743	35.485
-147.36	64.2	0.10708	21.417
-147.36	64.5	0.13399	26.798
-147.36	64.8	0.1305	26.1
-147.36	66	0.12378	24.756
-147.36	66.6	0.15678	31.357
-147.36	66.9	0.17407	34.814
-147.36	67.2	0.15075	30.149
-147.36	67.5	0.11836	23.673
-147.36	68.4	0.10685	21.369
-147.36	69	0.10663	21.326
-147.36	69.6	0.1275	25.501
-147.06	60	0.1727	34.541
-147.06	60.3	0.16049	32.099
-147.06	60.6	0.095054	19.011
-147.06	60.9	0.14757	29.514
-147.06	61.2	0.18768	37.537
-147.06	61.5	0.1563	31.26
-147.06	61.8	0.1456	29.12
-147.06	62.4	0.28895	57.789
-147.06	63.3	0.11419	22.838
-147.06	63.6	0.21195	42.39
-147.06	63.9	0.12277	24.554
-147.06	64.2	0.13743	27.486
-147.06	64.5	0.11952	23.904
-147.06	65.1	0.13321	26.642
-147.06	65.4	0.12796	25.593
-147.06	66	0.11107	22.214
-147.06	66.3	0.19188	38.376
-147.06	66.6	0.19282	38.563
-147.06	66.9	0.15118	30.237
-147.06	67.2	0.14486	28.972
-147.06	67.5	0.13486	26.971
-147.06	68.4	0.10684	21.367
-147.06	68.7	0.1196	23.92
-147.06	69	0.10663	21.326
-147.06	69.6	0.1109	22.18
-147.06	69.9	0.11661	23.321
-146.76	60	0.17015	34.029
-146.76	60.3	0.17816	35.633
-146.76	60.9	0.19787	39.574
-146.76	61.2	0.17852	35.703
-146.76	61.5	0.20888	41.775
-146.76	61.8	0.18548	37.097
-146.76	62.4	0.18529	37.059
-146.76	63.3	0.21169	42.339
-146.76	63.6	0.25061	50.122
-146.76	63.9	0.15603	31.206
-146.76	64.5	0.1188	23.761
-146.76	65.1	0.12583	25.166
-146.76	65.4	0.13557	27.114
-146.76	66	0.096913	19.383
-146.76	66.3	0.18349	36.698
-146.76	66.6	0.1973	39.461
-146.76	66.9	0.17407	34.814
-146.76	67.2	0.14786	29.572
-146.76	67.5	0.12236	24.473
-146.76	68.7	0.10668	21.335
-146.76	69	0.10267	20.535
-146.76	69.3	0.11329	22.658
-146.76	69.6	0.11273	22.545
-146.76	69.9	0.12498	24.996
-146.46	60	0.18438	36.876
-146.46	60.3	0.1711	34.221
-146.46	60.6	0.19559	39.117
-146.46	60.9	0.2054	41.079
-146.46	61.2	0.22485	44.97
-146.46	61.5	0.21946	43.891
-146.46	61.8	0.17171	34.342
-146.46	63.6	0.29135	58.269
-146.46	63.9	0.15036	30.073
-146.46	64.5	0.1188	23.761
-146.46	66	0.11171	22.343
-146.46	66.3	0.19362	38.725
-146.46	66.6	0.21589	43.177
-146.46	66.9	0.15282	30.564
-146.46	67.2	0.14292	28.585
-146.46	67.5	0.13201	26.402
-146.46	68.7	0.10668	21.335
-146.46	69	0.094331	18.866
-146.46	69.3	0.11068	22.137
-146.46	69.9	0.1119	22.38
-146.16	60.3	0.19892	39.783
-146.16	60.6	0.23886	47.771
-146.16	60.9	0.21516	43.032
-146.16	61.2	0.23933	47.866
-146.16	61.5	0.22928	45.856
-146.16	63.3	0.23729	47.458
-146.16	63.6	0.16742	33.484
-146.16	63.9	0.13617	27.235
-146.16	65.1	0.14209	28.418
-146.16	66.9	0.13278	26.556
-146.16	67.5	0.13201	26.402
-146.16	68.7	0.11372	22.744
-146.16	69	0.092137	18.427
-146.16	69.3	0.097806	19.561
-146.16	69.6	0.11385	22.771
-145.86	60.9	0.22761	45.521
-145.86	61.2	0.23948	47.895
-145.86	61.5	0.22638	45.276
-145.86	62.1	0.18438	36.875
-145.86	62.4	0.2035	40.7
-145.86	63.3	0.20034	40.068
-145.86	63.6	0.25539	51.078
-145.86	63.9	0.17649	35.298
-145.86	65.1	0.10072	20.144
-145.86	65.7	0.14181	28.362
-145.86	66.9	0.12381	24.763
-145.86	67.5	0.12974	25.947
-145.86	69	0.10548	21.097
-145.86	69.6	0.092669	18.534
-145.56	60.9	0.28459	56.918
-145.56	61.2	0.25616	51.232
-145.56	61.5	0.23887	47.773
-145.56	62.1	0.21052	42.105
-145.56	62.4	0.17298	34.597
-145.56	63.3	0.17574	35.148
-145.56	65.1	0.13066	26.132
-145.56	65.7	0.14231	28.462
-145.56	67.5	0.12611	25.223
-145.56	67.8	0.12345	24.691
-145.56	69	0.087978	17.596
-145.56	69.6	0.096714	19.343
-145.26	60.3	0.34644	69.287
-145.26	60.6	0.31099	62.198
-145.26	62.1	0.19523	39.046
-145.26	63.3	0.15589	31.178
-145.26	63.6	0.087798	17.56
-145.26	65.1	0.13209	26.418
-145.26	65.4	0.10994	21.988
-145.26	65.7	0.13097	26.195
-145.26	67.8	0.12718	25.436
-145.26	68.1	0.066322	13.264
-145.26	69.6	0.094037	18.807
-145.26	69.9	0.091226	18.245
-144.96	60.3	0.3312	66.24
-144.96	60.6	0.34658	69.317
-144.96	63.3	0.15016	30.031
-144.96	63.6	0.10373	20.745
-144.96	65.1	0.10515	21.031
-144.96	65.4	0.10994	21.988
-144.96	65.7	0.11546	23.093
-144.96	66.3	0.14742	29.484
-144.96	67.8	0.10646	21.293
-144.96	68.1	0.070022	14.004
-144.96	69	0.057266	11.453
-144.96	69.3	0.076157	15.231
-144.96	69.6	0.089044	17.809
-144.96	69.9	0.095099	19.02
-144.66	60.3	0.24904	49.809
-144.66	60.6	0.31201	62.402
-144.66	62.7	0.17167	34.335
-144.66	63	0.18241	36.482
-144.66	63.3	0.15035	30.069
-144.66	63.6	0.093185	18.637
-144.66	65.4	0.11455	22.91
-144.66	65.7	0.11564	23.127
-144.66	66.3	0.12351	24.702
-144.66	67.2	0.12227	24.455
-144.66	68.1	0.071262	14.252
-144.66	69	0.086612	17.322
-144.66	69.3	0.093489	18.698
-144.66	69.6	0.074424	14.885
-144.66	69.9	0.10759	21.519
-144.36	62.7	0.18911	37.821
-144.36	63	0.17306	34.613
-144.36	63.3	0.21202	42.404
-144.36	65.4	0.10038	20.076
-144.36	65.7	0.10836	21.672
-144.36	66.9	0.11512	23.024
-144.36	67.2	0.12664	25.327
-144.36	69	0.094871	18.974
-144.36	69.3	0.092152	18.43
-144.36	69.6	0.087552	17.51
-144.36	69.9	0.060446	12.089
-144.06	60.6	0.26006	52.012
-144.06	62.7	0.23636	47.272
-144.06	63	0.15472	30.944
-144.06	63.3	0.18912	37.823
-144.06	65.4	0.11727	23.454
-144.06	65.7	0.11357	22.714
-144.06	66.9	0.10682	21.364
-144.06	67.2	0.12865	25.729
-144.06	67.5	0.12606	25.212
-144.06	69.3	0.091513	18.303
-144.06	69.6	0.10538	21.076
-143.76	60.3	0.22243	44.487
-143.76	60.6	0.23733	47.467
-143.76	62.7	0.24312	48.623
-143.76	63	0.12833	25.665
-143.76	63.3	0.15153	30.305
-143.76	65.7	0.11219	22.439
-143.76	67.5	0.12352	24.704
-143.76	69.3	0.082684	16.537
-143.76	69.6	0.074602	14.92
-143.46	60.3	0.18798	37.596
-143.46	60.6	0.22344	44.689
-143.46	62.7	0.24731	49.462
-143.46	63	0.128	25.599
-143.46	63.3	0.15103	30.206
-143.46	65.4	0.10896	21.791
-143.46	65.7	0.099847	19.969
-143.46	67.2	0.082447	16.489
-143.16	60.3	0.22741	45.481
-143.16	60.6	0.21864	43.727
-143.16	62.7	0.20959	41.918
-143.16	63	0.201	40.2
-143.16	63.3	0.15099	30.198
-143.16	65.4	0.10535	21.071
-143.16	65.7	0.12368	24.736
-143.16	66	0.099583	19.917
-143.16	67.2	0.11098	22.197
-142.86	60.3	0.25572	51.145
-142.86	60.6	0.3061	61.221
-142.86	61.8	0.16636	33.272
-142.86	62.4	0.13343	26.686
-142.86	62.7	0.14463	28.926
-142.86	65.7	0.106	21.2
-142.86	66	0.09828	19.656
-142.86	66.3	0.10601	21.203
-142.86	67.2	0.10666	21.332
-142.56	60	0.15792	31.584
-142.56	60.3	0.27404	54.809
-142.56	60.6	0.29144	58.288
-142.56	61.5	0.10535	21.071
-142.56	61.8	0.17221	34.442
-142.56	62.1	0.15864	31.729
-142.56	62.4	0.14417	28.834
-142.56	62.7	0.14195	28.389
-142.56	66	0.099889	19.978
-142.56	66.3	0.10601	21.203
-142.56	66.9	0.10888	21.777
-142.26	60	0.18479	36.957
-142.26	60.6	0.33446	66.893
-142.26	62.1	0.1855	37.1
-142.26	62.4	0.17244	34.488
-142.26	66	0.099889	19.978
-142.26	66.3	0.10906	21.812
-142.26	66.6	0.10306	20.612
-142.26	66.9	0.10473	20.947
-141.96	60	0.19369	38.738
-141.96	60.3	0.1435	28.7
-141.96	60.6	0.25509	51.018
-141.96	61.8	0.10808	21.617
-141.96	62.1	0.14732	29.463
-141.96	66	0.10828	21.656
-141.96	66.3	0.10594	21.188
-141.96	66.6	0.10306	20.612
-141.66	60	0.18446	36.893
-141.66	60.3	0.21191	42.382
-141.66	60.6	0.3114	62.28
-141.66	61.5	0.075315	15.063
-141.66	61.8	0.095716	19.143
-141.66	62.1	0.1493	29.86
-141.66	62.4	0.16237	32.474
-141.66	66	0.11236	22.471
-141.66	66.6	0.10015	20.03
-141.36	60	0.17569	35.138
-141.36	60.3	0.22288	44.575
-141.36	60.6	0.30257	60.514
-141.36	61.2	0.10128	20.256
-141.36	61.5	0.075693	15.139
-141.36	61.8	0.10301	20.602
-141.36	62.1	0.13506	27.012
-141.36	62.4	0.15598	31.195
-141.36	66	0.10987	21.974
-141.36	67.8	0.12329	24.658
-141.06	60	0.14852	29.704
-141.06	60.3	0.23381	46.762
-141.06	60.6	0.32978	65.956
-141.06	61.2	0.086653	17.331
-141.06	61.5	0.073491	14.698
-141.06	61.8	0.095186	19.037
-141.06	62.1	0.14539	29.078
-141.06	64.8	0.098815	19.763
-141.06	67.8	0.12329	24.658
-140.76	60	0.087699	17.54
-140.76	60.3	0.14181	28.362
-140.76	60.6	0.33036	66.072
-140.76	61.2	0.074144	14.829
-140.76	61.5	0.06831	13.662
-140.76	61.8	0.083253	16.651
-140.76	64.8	0.088091	17.618
-140.76	67.8	0.1079	21.581
-140.46	60	0.093716	18.743
-140.46	60.3	0.16758	33.516
-140.46	60.6	0.26844	53.688
-140.46	60.9	0.17569	35.138
-140.46	61.2	0.070429	14.086
-140.46	61.5	0.05891	11.782
-140.46	61.8	0.084341	16.868
-140.46	62.4	0.13179	26.358
-140.46	64.8	0.088091	17.618
-140.16	60	0.14357	28.713
-140.16	60.3	0.17375	34.75
-140.16	60.9	0.16171	32.342
-140.16	61.2	0.065245	13.049
-140.16	61.5	0.051291	10.258
-139.86	60	0.17527	35.053
-139.86	60.3	0.11425	22.85
-139.86	61.2	0.073388	14.678
-139.86	61.5	0.057321	11.464
-139.56	59.7	0.30965	61.931
-139.56	60	0.25394	50.789
-139.56	60.3	0.12863	25.725
-139.56	61.2	0.066684	13.337
-139.26	59.4	0.27246	54.492
-139.26	59.7	0.30965	61.931
-139.26	60	0.27068	54.135
-139.26	60.3	0.16475	32.949
-139.26	61.2	0.058251	11.65
-139.26	62.4	0.11109	22.218
-139.26	65.1	0.090248	18.05
-138.96	59.4	0.22256	44.511
-138.96	59.7	0.29076	58.153
-138.96	60	0.23315	46.63
-138.96	60.3	0.2528	50.56
-138.96	61.2	0.059213	11.843
-138.96	62.4	0.07278	14.556
-138.96	64.5	0.075184	15.037
-138.96	65.1	0.081646	16.329
-138.96	67.2	0.089287	17.857
-138.96	67.5	0.087748	17.55
-138.66	59.7	0.26434	52.868
-138.66	60.3	0.19966	39.933
-138.66	60.9	0.082233	16.447
-138.66	64.5	0.081249	16.25
-138.66	65.1	0.088173	17.635
-138.36	59.1	0.17042	34.084
-138.36	59.4	0.20917	41.834
-138.36	60.9	0.082233	16.447
-138.06	59.1	0.18037	36.075
-138.06	59.4	0.1983	39.659
-138.06	59.7	0.19833	39.666
-138.06	60	0.18092	36.183
-138.06	60.3	0.17119	34.238
-138.06	60.6	0.12932	25.864
-138.06	60.9	0.093387	18.677
-137.76	58.2	0.20152	40.304
-137.76	58.5	0.16705	33.41
-137.76	58.8	0.16724	33.449
-137.76	59.7	0.084979	16.996
-137.76	60.3	0.12566	25.132
-137.76	60.6	0.13487	26.975
-137.46	58.2	0.20133	40.265
-137.46	58.5	0.20231	40.461
-137.46	58.8	0.19751	39.503
-137.46	59.1	0.17332	34.663
-137.46	59.7	0.047506	9.5012
-137.46	60.6	0.13138	26.276
-137.16	58.2	0.20133	40.265
-137.16	58.5	0.20133	40.265
-137.16	58.8	0.23358	46.717
-137.16	59.1	0.16569	33.139
-137.16	59.4	0.087715	17.543
-137.16	59.7	0.047733	9.5466
-137.16	62.4	0.084115	16.823
-136.86	58.2	0.19654	39.308
-136.86	58.5	0.19654	39.308
-136.86	58.8	0.20931	41.862
-136.86	59.1	0.11818	23.635
-136.86	59.4	0.069654	13.931
-136.86	59.7	0.071615	14.323
-136.86	60	0.056268	11.254
-136.86	62.4	0.08449	16.898
-136.56	57.3	0.17132	34.264
-136.56	58.8	0.17034	34.069
-136.56	59.1	0.095767	19.153
-136.56	59.4	0.079585	15.917
-136.56	59.7	0.071321	14.264
-136.56	60	0.086354	17.271
-136.56	68.1	0.12313	24.626
-136.26	57.3	0.17132	34.264
-136.26	59.1	0.095767	19.153
-136.26	59.4	0.11266	22.533
-136.26	59.7	0.084373	16.875
-136.26	66.9	0.092194	18.439
-136.26	67.8	0.11484	22.967
-136.26	68.1	0.12805	25.611
-135.96	56.4	0.11251	22.503
-135.96	56.7	0.11197	22.394
-135.96	59.1	0.10716	21.431
-135.96	59.7	0.08283	16.566
-135.96	66.3	0.10693	21.386
-135.96	66.6	0.10693	21.386
-135.96	66.9	0.11239	22.477
-135.66	66.3	0.10693	21.386
-135.66	66.6	0.10693	21.386
-135.66	66.9	0.11614	23.229
-135.36	55.5	0.069766	13.953
-135.36	59.4	0.13126	26.252
-135.36	65.4	0.091909	18.382
-135.36	66	0.096592	19.318
-135.36	66.3	0.10658	21.316
-135.06	55.2	0.059504	11.901
-135.06	55.5	0.069766	13.953
-135.06	55.8	0.083409	16.682
-135.06	59.4	0.13126	26.252
-135.06	64.5	0.088036	17.607
-135.06	65.4	0.091909	18.382
-135.06	65.7	0.091909	18.382
-135.06	66	0.10047	20.093
-135.06	66.3	0.10354	20.708
-134.76	55.2	0.057974	11.595
-134.76	59.4	0.13126	26.252
-134.76	64.5	0.094047	18.809
-134.76	65.1	0.088101	17.62
-134.76	65.4	0.088101	17.62
-134.76	65.7	0.098059	19.612
-134.46	54.6	0.093457	18.691
-134.46	54.9	0.093457	18.691
-134.46	55.2	0.089754	17.951
-134.46	58.8	0.095927	19.185
-134.46	65.1	0.088101	17.62
-134.16	54.3	0.096731	19.346
-134.16	58.8	0.095927	19.185
-134.16	65.1	0.091205	18.241
-134.16	65.4	0.098059	19.612
-133.86	54	0.093478	18.696
-133.86	64.8	0.090223	18.045
-133.86	65.1	0.099307	19.861
-133.86	65.4	0.099394	19.879
-133.56	54	0.093478	18.696
-133.56	62.4	0.074204	14.841
-133.56	64.8	0.098294	19.659
-133.56	65.1	0.099394	19.879
-133.56	65.4	0.099394	19.879
-133.26	62.4	0.078975	15.795
-133.26	65.1	0.10054	20.108
-132.96	64.8	0.1093	21.859
-132.66	64.8	0.097175	19.435
-132.36	52.8	0.079537	15.907
-132.36	53.1	0.08299	16.598
-132.06	52.5	0.082059	16.412
-131.76	51.6	0.048855	9.7711
-131.76	51.9	0.07929	15.858
-131.76	52.2	0.082059	16.412
-131.46	51.3	0.040104	8.0208
-131.46	51.6	0.048855	9.7711
-131.46	51.9	0.084639	16.928
-131.46	52.2	0.082059	16.412
-131.46	52.5	0.082059	16.412
-131.16	51	0.044072	8.8145
-131.16	51.3	0.040992	8.1985
-131.16	51.6	0.043207	8.6414
-130.86	50.4	0.04888	9.776
-130.86	50.7	0.053271	10.654
-130.86	51	0.044034	8.8068
-130.86	51.3	0.041911	8.3823
-130.86	51.6	0.049623	9.9245
-130.86	54.9	0.091146	18.229
-130.56	49.5	0.043812	8.7623
-130.56	49.8	0.048714	9.7427
-130.56	50.1	0.053538	10.708
-130.56	50.4	0.051327	10.265
-130.56	50.7	0.054016	10.803
-130.56	51	0.036219	7.2438
-130.56	51.3	0.049136	9.8273
-130.56	54.9	0.092398	18.48
-130.56	63.9	0.17994	35.988
-130.56	66.6	0.10878	21.757
-130.26	48.9	0.033191	6.6382
-130.26	49.2	0.032196	6.4393
-130.26	49.5	0.032236	6.4473
-130.26	49.8	0.048714	9.7427
-130.26	50.1	0.052373	10.475
-130.26	50.4	0.047613	9.5226
-130.26	50.7	0.054945	10.989
-130.26	51	0.046111	9.2221
-130.26	63.9	0.16713	33.425
-130.26	66.6	0.10878	21.757
-129.96	48.9	0.040515	8.1031
-129.96	49.2	0.031054	6.2108
-129.96	49.5	0.033076	6.6152
-129.96	49.8	0.048972	9.7944
-129.96	50.1	0.04542	9.084
-129.96	50.4	0.03456	6.912
-129.96	50.7	0.043053	8.6106
-129.66	48.9	0.044058	8.8117
-129.66	49.2	0.041373	8.2747
-129.66	49.5	0.039405	7.8809
-129.66	50.1	0.039773	7.9546
-129.66	60.6	0.11432	22.864
-129.36	48	0.047474	9.4947
-129.36	48.9	0.040689	8.1379
-129.36	49.2	0.046464	9.2927
-129.36	49.5	0.039842	7.9684
-129.36	60.6	0.11432	22.864
-129.36	63.6	0.14367	28.733
-129.36	64.8	0.18741	37.482
-129.06	47.4	0.048116	9.6233
-129.06	47.7	0.04773	9.546
-129.06	48	0.04773	9.546
-129.06	48.6	0.06043	12.086
-129.06	48.9	0.041895	8.379
-129.06	49.2	0.048654	9.7308
-129.06	49.5	0.04008	8.0161
-129.06	63.6	0.13948	27.896
-129.06	64.8	0.1616	32.321
-128.76	48.6	0.047215	9.4429
-128.76	48.9	0.045021	9.0042
-128.76	49.2	0.046267	9.2535
-128.76	64.2	0.14367	28.734
-128.46	48.6	0.06016	12.032
-128.46	48.9	0.045291	9.0583
-128.46	49.5	0.050113	10.023
-128.16	48.6	0.06016	12.032
-128.16	48.9	0.053981	10.796
-127.86	48.9	0.053981	10.796
-127.86	49.2	0.05438	10.876
-127.86	62.4	0.092471	18.494
-127.86	62.7	0.092471	18.494
-127.56	49.5	0.044254	8.8509
-127.56	49.8	0.053435	10.687
-127.56	62.7	0.086381	17.276
-127.26	49.5	0.053415	10.683
-126.96	49.5	0.053494	10.699
-126.36	49.2	0.053494	10.699
-126.36	63.3	0.091647	18.329
-126.36	63.6	0.091647	18.329
-126.06	49.2	0.04731	9.462
-125.76	60.9	0.10937	21.875
-125.76	62.7	0.086381	17.276
-125.76	63	0.086381	17.276
-125.46	60.9	0.098376	19.675
-125.46	62.7	0.086381	17.276
-125.16	48.6	0.093841	18.768
-125.16	60.9	0.098376	19.675
-124.56	62.1	0.086381	17.276
-124.56	62.4	0.086381	17.276
-124.26	51	0.070851	14.17
-124.26	62.1	0.086381	17.276
-124.26	62.4	0.086381	17.276
-123.96	62.1	0.086381	17.276
-123.96	63.6	0.097245	19.449
-123.66	63.6	0.097245	19.449
-123.36	48.9	0.10258	20.516
-123.06	47.4	0.084646	16.929
-123.06	47.7	0.084646	16.929
-122.76	47.4	0.073809	14.762
-122.76	47.7	0.073809	14.762
-122.76	48	0.10258	20.516
-122.76	65.7	0.12488	24.975
-122.46	48.3	0.094525	18.905
-122.46	49.5	0.074922	14.984
-122.46	65.7	0.12488	24.975
-122.16	48.3	0.10258	20.516
-121.86	48.3	0.10258	20.516
-121.86	56.7	0.054291	10.858
-121.56	56.7	0.053455	10.691
-120.66	47.1	0.11409	22.819
-120.66	47.4	0.11409	22.819
-120.66	47.7	0.1067	21.34
-120.66	56.1	0.10431	20.862
-120.36	56.1	0.10431	20.862
-120.06	56.1	0.10431	20.862
-119.76	48.6	0.15324	30.647
-119.76	56.1	0.10087	20.173
-119.46	48.6	0.15763	31.526
-119.46	49.2	0.16121	32.242
-119.16	49.2	0.16096	32.192
-117.36	54.3	0.11724	23.448
-116.76	54.3	0.11724	23.448
-116.76	56.1	0.12254	24.508
-116.46	54.3	0.11724	23.448
-116.46	56.1	0.12254	24.508
-115.26	48	0.2306	46.12
-115.26	52.2	0.11763	23.527
-115.26	52.5	0.11709	23.418
-114.96	52.2	0.133	26.599
-114.36	48.6	0.2342	46.84
-114.06	47.4	0.21986	43.972
-114.06	52.2	0.16861	33.721
-113.16	47.4	0.2306	46.12
-112.26	48.6	0.22489	44.978
