-181.26	51.6	1.993	342.26	0.6
-179.46	51.6	1.8426	353.04	0.6
-179.46	51.9	1.7536	363.03	0.6
-179.16	51.3	1.9909	348.5	0.6
-179.16	51.6	1.7289	362.28	0.6
-179.16	64.2	1.0005	347.99	0.6
-178.86	51	1.9023	361.65	0.6
-178.86	51.3	1.8697	360.45	0.6
-178.86	51.6	1.6422	363.71	0.6
-178.56	51.3	1.787	366.85	0.6
-178.26	51.3	1.7451	367.86	0.6
-177.96	51	1.9367	357.73	0.6
-177.66	51	1.924	359.32	0.6
-177.66	51.3	1.8068	369.03	0.6
-177.66	51.6	1.0047	394.2	0.6
-177.06	51.6	1.8873	356.39	0.6
-176.76	51.6	1.976	357.89	0.6
-176.16	51.9	1.9337	348.06	0.6
-175.86	52.2	1.7855	350.66	0.6
-175.56	52.2	1.7309	350.95	0.6
-174.96	52.2	1.7299	353.08	0.6
-174.96	52.5	1.6961	354.56	0.6
-174.96	52.8	1.7136	353.58	0.6
-174.66	52.5	1.7034	354.66	0.6
-174.36	52.5	1.7273	353.83	0.6
-174.36	67.2	1.0677	350.64	0.6
-174.06	52.5	1.7104	356.37	0.6
-174.06	67.2	1.002	352.74	0.6
-173.76	52.2	1.8352	356.61	0.6
-173.76	52.5	1.8376	353.67	0.6
-173.46	52.2	1.8601	367.2	0.6
-173.16	66.9	1.0444	350.99	0.6
-172.86	66.9	1.0287	351.67	0.6
-171.96	52.5	1.9197	360.48	0.6
-171.06	64.8	1.0379	349.22	0.6
-171.06	66.9	1.0206	350.61	0.6
-170.76	64.5	1.0619	348.48	0.6
-170.76	66.9	1.0472	350.15	0.6
-170.46	52.8	1.4748	368.6	0.6
-170.46	64.8	1.1227	345.18	0.6
-170.46	66.9	1.0183	351.56	0.6
-170.16	52.5	1.5677	362.11	0.6
-170.16	52.8	1.5159	364.99	0.6
-170.16	64.8	1.118	346.56	0.6
-169.86	52.5	1.537	367.06	0.6
-169.86	52.8	1.5471	363.61	0.6
-169.86	65.7	1.1227	345.14	0.6
-169.56	52.5	1.6077	363.15	0.6
-169.56	52.8	1.5642	364.07	0.6
-169.56	65.7	1.1741	344.21	0.6
-169.26	52.5	1.6444	364.07	0.6
-168.96	52.5	1.6275	367.72	0.6
-167.16	65.4	1.0998	347.24	0.6
-167.16	65.7	1.041	351.19	0.6
-166.86	65.4	1.1039	347.48	0.6
-166.86	65.7	1.0874	346.99	0.6
-166.86	67.8	1.2015	348.42	0.6
-166.86	68.1	1.1491	350.91	0.6
-166.56	65.4	1.1604	345.26	0.6
-166.56	65.7	1.1828	344.99	0.6
-166.56	66	1.1472	346.15	0.6
-166.56	67.8	1.2068	348.48	0.6
-166.56	68.1	1.2277	348.98	0.6
-166.26	65.7	1.1787	344.83	0.6
-166.26	66	1.1257	345.51	0.6
-166.26	68.1	1.253	346.58	0.6
-165.96	65.4	1.1646	345.84	0.6
-165.96	66	1.2057	344.68	0.6
-165.66	65.4	1.1621	345.54	0.6
-165.66	65.7	1.1869	344.18	0.6
-165.36	53.4	1.1428	389.12	0.6
-165.36	64.5	1.1731	344.31	0.6
-165.36	65.7	1.2216	343.15	0.6
-165.06	65.7	1.1895	345.11	0.6
-164.46	65.1	1.2058	344.59	0.6
-164.16	56.1	1.8881	343.55	0.6
-164.16	66.3	1.2243	343.73	0.6
-163.86	64.5	1.219	345.62	0.6
-163.86	66.3	1.2101	344.81	0.6
-163.86	67.2	1.2947	344.46	0.6
-163.56	54	1.9366	355.35	0.6
-163.56	64.5	1.2025	347.27	0.6
-163.56	67.2	1.3282	343.77	0.6
-163.26	54	1.9132	357.35	0.6
-163.26	65.4	1.1911	344.89	0.6
-163.26	67.2	1.3303	347.94	0.6
-162.96	65.4	1.2086	345.17	0.6
-162.96	67.5	1.2762	353.9	0.6
-162.66	54.3	1.9049	352.95	0.6
-162.66	67.5	1.3377	351.87	0.6
-162.66	67.8	1.2107	357.04	0.6
-162.66	68.1	1.1657	364.59	0.6
-162.36	54.3	1.9265	352.22	0.6
-162.36	60.3	1.8214	335.44	0.6
-162.36	65.4	1.1903	345.93	0.6
-162.36	67.5	1.2876	356.63	0.6
-162.36	67.8	1.2167	360.04	0.6
-162.36	68.1	1.1701	364.02	0.6
-162.06	60	1.8402	338.72	0.6
-162.06	60.3	1.7857	335.28	0.6
-162.06	65.4	1.2042	345.79	0.6
-162.06	67.8	1.2273	360.05	0.6
-162.06	68.1	1.157	364.2	0.6
-161.76	60	1.8001	337.44	0.6
-161.76	65.4	1.3516	344.03	0.6
-161.76	67.8	1.238	359.67	0.6
-161.46	68.1	1.1253	365.2	0.6
-161.16	68.1	1.1612	365.07	0.6
-160.86	67.2	1.3151	354.28	0.6
-160.56	64.5	1.2718	351.81	0.6
-160.56	67.2	1.2715	355.35	0.6
-160.26	64.5	1.3082	355.94	0.6
-160.26	67.2	1.2939	354.45	0.6
-159.96	61.5	1.7326	327.16	0.6
-159.66	61.5	1.7568	324.54	0.6
-159.36	60	1.7297	354.13	0.6
-159.06	60	1.7415	351.72	0.6
-159.06	62.4	1.7841	322.89	0.6
-159.06	67.5	1.0489	377.69	0.6
-159.06	67.8	1.0158	375.94	0.6
-158.76	60.9	1.7961	337.8	0.6
-158.76	62.4	1.8765	316.56	0.6
-158.46	62.4	1.8564	318.72	0.6
-158.46	68.1	1.0779	372.71	0.6
-158.16	55.8	1.8726	372.94	0.6
-158.16	57	1.899	359.07	0.6
-158.16	62.4	1.8533	319.29	0.6
-158.16	63.6	1.5524	351.9	0.6
-158.16	66.6	1.3883	357.45	0.6
-158.16	66.9	1.305	361.72	0.6
-158.16	68.1	1.007	376.95	0.6
-157.86	57	1.898	359.2	0.6
-157.86	57.3	1.8695	359.84	0.6
-157.86	58.8	1.6405	367.19	0.6
-157.86	61.8	1.9048	315.59	0.6
-157.86	63.6	1.4478	351.65	0.6
-157.86	66.3	1.3324	354.48	0.6
-157.86	66.6	1.3657	357.19	0.6
-157.86	66.9	1.3384	361.45	0.6
-157.86	68.1	1.1217	374.24	0.6
-157.56	57	1.9146	360.1	0.6
-157.56	57.3	1.8184	366.95	0.6
-157.56	58.8	1.5695	368.27	0.6
-157.56	61.8	1.8802	318.22	0.6
-157.56	64.2	1.4107	361.06	0.6
-157.56	66.3	1.2772	357.45	0.6
-157.56	66.9	1.3291	357.33	0.6
-157.26	57	1.88	360.27	0.6
-157.26	57.3	1.815	364.92	0.6
-157.26	57.9	1.9026	362.52	0.6
-157.26	58.2	1.839	364.77	0.6
-157.26	64.2	1.6222	354.52	0.6
-157.26	66.3	1.2911	357.42	0.6
-157.26	67.2	1.0422	375.34	0.6
-156.96	57	1.8834	366.7	0.6
-156.96	57.3	1.8742	364.26	0.6
-156.96	57.9	1.8643	363.19	0.6
-156.96	58.2	1.6749	366.73	0.6
-156.96	64.2	1.6383	354.98	0.6
-156.96	66.3	1.3323	352.82	0.6
-156.96	67.2	1.1027	371.11	0.6
-156.66	55.8	1.9815	361.99	0.6
-156.66	57.3	1.9028	364.95	0.6
-156.66	58.2	1.5559	367.82	0.6
-156.66	66.3	1.3102	354.9	0.6
-156.66	67.8	1.2429	370.19	0.6
-156.36	56.1	1.9294	363.43	0.6
-156.36	58.2	1.5597	369.92	0.6
-156.36	63	1.6835	330.49	0.6
-156.36	66	1.4571	350.4	0.6
-156.36	66.3	1.3311	355.29	0.6
-156.36	67.2	1.2453	368.22	0.6
-156.36	67.5	1.2469	369.74	0.6
-156.36	67.8	1.1801	373.52	0.6
-156.06	56.1	1.9622	368.58	0.6
-156.06	57.9	1.56	370.63	0.6
-156.06	58.2	1.6016	369.82	0.6
-156.06	58.5	1.5013	375.71	0.6
-156.06	63	1.7861	323.63	0.6
-156.06	66	1.439	352.52	0.6
-156.06	67.2	1.2753	368.12	0.6
-156.06	67.8	1.2589	369.21	0.6
-155.76	57.6	1.5284	374.57	0.6
-155.76	57.9	1.6552	366.19	0.6
-155.76	58.2	1.6265	372.42	0.6
-155.76	58.5	1.4841	382.05	0.6
-155.76	59.7	1.6759	363.56	0.6
-155.76	63	1.774	323.84	0.6
-155.46	57.6	1.5828	375.88	0.6
-155.46	57.9	1.5073	375.21	0.6
-155.46	58.2	1.5343	378.02	0.6
-155.46	63.3	1.7986	328.02	0.6
-155.46	63.9	1.5226	354.08	0.6
-155.16	57.6	1.7189	370.27	0.6
-155.16	58.2	1.3778	394.6	0.6
-155.16	62.1	1.9281	316.05	0.6
-155.16	63.3	1.7449	332.98	0.6
-155.16	63.9	1.5345	351.97	0.6
-155.16	64.8	1.7425	355.16	0.6
-154.86	57	1.6281	368.26	0.6
-154.86	57.6	1.5993	378.54	0.6
-154.86	58.2	1.3887	393.7	0.6
-154.86	59.4	1.4141	387.24	0.6
-154.86	64.8	1.6942	359.32	0.6
-154.86	65.1	1.5616	364.07	0.6
-154.86	66.3	1.6451	351.48	0.6
-154.56	57	1.6061	376.72	0.6
-154.56	57.6	1.5947	380.25	0.6
-154.56	57.9	1.4233	389.94	0.6
-154.56	58.5	1.2253	399.33	0.6
-154.56	59.1	1.5037	389.44	0.6
-154.56	59.4	1.4386	384.94	0.6
-154.56	65.1	1.6735	359.96	0.6
-154.56	66.3	1.8194	345.68	0.6
-154.26	57	1.5531	381.04	0.6
-154.26	57.6	1.5971	376.57	0.6
-154.26	57.9	1.3691	392.45	0.6
-154.26	58.5	1.2415	403.19	0.6
-154.26	59.4	1.5751	380.32	0.6
-154.26	65.1	1.6473	362.03	0.6
-154.26	66.9	1.338	367.37	0.6
-154.26	67.2	1.2729	370.22	0.6
-153.96	57	1.6036	376.35	0.6
-153.96	58.2	1.288	400.03	0.6
-153.96	58.8	1.4733	388.67	0.6
-153.96	59.4	1.7943	368.82	0.6
-153.96	63.3	1.727	334.97	0.6
-153.96	64.2	1.373	366.8	0.6
-153.96	65.1	1.6403	365.63	0.6
-153.96	66.6	1.7124	353.04	0.6
-153.96	67.2	1.3696	371.04	0.6
-153.66	57.3	1.5297	384.34	0.6
-153.66	58.8	1.4781	389.71	0.6
-153.66	59.1	1.3984	390.05	0.6
-153.66	59.4	1.8045	368.2	0.6
-153.66	60.3	1.8877	347.3	0.6
-153.66	63.3	1.7729	335.02	0.6
-153.66	65.4	1.7758	356.95	0.6
-153.66	66.3	1.8465	356.42	0.6
-153.66	66.6	1.7004	357.73	0.6
-153.36	58.8	1.5059	389.55	0.6
-153.36	59.1	1.6094	383.31	0.6
-153.36	59.7	1.831	361.36	0.6
-153.36	60	1.725	360.91	0.6
-153.36	60.3	1.8243	349.13	0.6
-153.36	63.3	1.8145	331.63	0.6
-153.36	63.6	1.6873	341.11	0.6
-153.36	63.9	1.5694	351.99	0.6
-153.36	65.4	1.7458	359.96	0.6
-153.36	66.3	1.892	357.21	0.6
-153.06	58.8	1.4809	392.1	0.6
-153.06	59.1	1.7492	375.42	0.6
-153.06	59.4	1.8387	365.4	0.6
-153.06	59.7	1.7474	365.63	0.6
-153.06	60	1.7552	354.22	0.6
-153.06	60.6	1.8851	349.64	0.6
-153.06	63	1.9523	318.7	0.6
-153.06	63.3	1.9122	327.35	0.6
-153.06	63.6	1.7644	335.97	0.6
-153.06	63.9	1.6564	350.08	0.6
-153.06	64.5	1.2989	374.99	0.6
-153.06	65.4	1.6789	362	0.6
-153.06	65.7	1.7382	360.88	0.6
-153.06	66	1.925	354.93	0.6
-153.06	66.3	1.7909	362.78	0.6
-152.76	57.6	1.5081	394.71	0.6
-152.76	59.4	1.8313	362.57	0.6
-152.76	59.7	1.7513	366.38	0.6
-152.76	60	1.733	355.66	0.6
-152.76	60.3	1.8384	352.44	0.6
-152.76	60.6	1.861	350.87	0.6
-152.76	60.9	1.8981	357.46	0.6
-152.76	63.3	1.8763	324.85	0.6
-152.76	63.6	1.7662	335.56	0.6
-152.76	63.9	1.6546	354.32	0.6
-152.76	64.5	1.3035	377.33	0.6
-152.76	64.8	1.4905	375.74	0.6
-152.46	57.6	1.5602	394.78	0.6
-152.46	58.8	1.3466	396.63	0.6
-152.46	60	1.8285	349.67	0.6
-152.46	60.3	1.8659	351.33	0.6
-152.46	60.6	1.9387	347.17	0.6
-152.46	61.2	1.9096	363.21	0.6
-152.46	63	1.8185	328.46	0.6
-152.46	63.3	1.9109	325.46	0.6
-152.46	63.6	1.9628	327.49	0.6
-152.46	64.2	1.3009	377.93	0.6
-152.46	64.5	1.2286	381.1	0.6
-152.46	64.8	1.4781	375.38	0.6
-152.46	65.1	1.6473	368.22	0.6
-152.46	65.4	1.7226	364.7	0.6
-152.16	58.8	1.5706	381.06	0.6
-152.16	59.7	1.6129	370	0.6
-152.16	61.2	1.916	359.05	0.6
-152.16	61.5	1.778	362.75	0.6
-152.16	63.3	1.9881	326.35	0.6
-152.16	63.6	1.9448	333.9	0.6
-152.16	64.2	1.4316	371.52	0.6
-152.16	64.5	1.1938	382.79	0.6
-152.16	64.8	1.5042	374	0.6
-152.16	65.1	1.5954	368.95	0.6
-152.16	65.7	1.75	362.96	0.6
-152.16	66	1.7427	363.43	0.6
-151.86	59.4	1.6166	376.05	0.6
-151.86	59.7	1.6263	369.78	0.6
-151.86	61.2	1.8018	367.25	0.6
-151.86	61.5	1.9141	368.19	0.6
-151.86	63	1.8362	326.24	0.6
-151.86	63.3	1.9709	333.66	0.6
-151.86	63.9	1.9446	337.13	0.6
-151.86	64.2	1.3674	375.27	0.6
-151.86	64.5	1.31	379.95	0.6
-151.86	64.8	1.4438	382.08	0.6
-151.86	65.1	1.6223	368.6	0.6
-151.86	65.4	1.634	368.27	0.6
-151.86	65.7	1.6827	367.67	0.6
-151.86	66	1.7942	364.27	0.6
-151.86	68.1	1.5549	367.29	0.6
-151.56	59.4	1.6576	372.36	0.6
-151.56	63	1.8248	322.46	0.6
-151.56	64.2	1.4743	372.87	0.6
-151.56	64.5	1.4362	375.91	0.6
-151.56	64.8	1.587	379.33	0.6
-151.56	65.1	1.5744	373.48	0.6
-151.56	65.4	1.6355	368.95	0.6
-151.56	66	1.7593	363.1	0.6
-151.56	68.1	1.5895	373.45	0.6
-151.26	59.4	1.5713	379.09	0.6
-151.26	59.7	1.4196	385.84	0.6
-151.26	63	1.8144	320.96	0.6
-151.26	64.2	1.4701	371.64	0.6
-151.26	64.5	1.4937	375.53	0.6
-151.26	64.8	1.6152	373.94	0.6
-151.26	65.1	1.6234	371.8	0.6
-151.26	65.4	1.7637	361.43	0.6
-151.26	65.7	1.8081	364.4	0.6
-151.26	68.1	1.7179	372.74	0.6
-150.96	64.2	1.6588	364.22	0.6
-150.96	64.8	1.5124	377.66	0.6
-150.96	65.1	1.6488	371.14	0.6
-150.96	65.4	1.7439	363.34	0.6
-150.96	65.7	1.7181	365.34	0.6
-150.96	66	1.8565	362.05	0.6
-150.96	66.6	1.7599	372.96	0.6
-150.66	59.4	1.3264	396.4	0.6
-150.66	62.7	1.9605	316.02	0.6
-150.66	63.9	1.9819	348.54	0.6
-150.66	64.2	1.8368	358.52	0.6
-150.66	64.8	1.6591	375.01	0.6
-150.66	65.1	1.7835	363.07	0.6
-150.66	65.4	1.6715	362.3	0.6
-150.66	65.7	1.7501	364.31	0.6
-150.66	66	1.8508	368.5	0.6
-150.66	66.6	1.7885	373.77	0.6
-150.36	59.4	1.4602	383.95	0.6
29.643	59.7	1.6071	41.257	0.6
29.643	61.5	1.5802	125.48	0.6
-150.36	61.8	1.8313	302.38	0.6
-150.36	62.4	1.9745	312.06	0.6
-150.36	63.9	1.8533	354.07	0.6
-150.36	64.2	1.814	360.51	0.6
-150.36	64.8	1.7497	377.05	0.6
-150.36	65.1	1.7477	365.08	0.6
-150.36	65.4	1.6322	364.06	0.6
-150.36	65.7	1.747	365.85	0.6
-150.36	66	1.8222	366.9	0.6
-150.36	66.6	1.6442	377.65	0.6
-150.06	59.7	1.6367	393.88	0.6
29.943	61.2	1.8501	91.38	0.6
29.943	61.5	1.4759	130.94	0.6
29.943	61.8	1.7182	117.12	0.6
-150.06	62.4	1.8923	318.22	0.6
-150.06	62.7	1.8927	329.55	0.6
-150.06	63	1.941	331.56	0.6
-150.06	63.9	1.9185	355.64	0.6
-150.06	64.2	1.8963	356.23	0.6
-150.06	64.8	1.7643	378.2	0.6
-150.06	65.1	1.6972	379.99	0.6
-150.06	65.4	1.6215	367.43	0.6
-150.06	65.7	1.7717	364.01	0.6
-150.06	66	1.771	372.58	0.6
-150.06	66.3	1.6965	377.41	0.6
-150.06	66.6	1.706	373.64	0.6
-149.76	61.5	1.1361	141.43	0.6
-149.76	62.1	1.5697	326.04	0.6
-149.76	62.4	1.799	328.14	0.6
-149.76	62.7	1.7773	339.62	0.6
-149.76	63	1.8803	331.21	0.6
-149.76	63.3	1.9723	330.25	0.6
-149.76	63.6	1.8492	338.26	0.6
-149.76	63.9	1.9747	353.29	0.6
-149.76	64.2	1.8891	359.15	0.6
-149.76	64.5	1.8682	365.52	0.6
-149.76	64.8	1.7817	371.27	0.6
-149.76	65.4	1.7602	367.55	0.6
-149.76	65.7	1.7597	362.09	0.6
-149.76	66	1.6997	372.82	0.6
-149.76	66.3	1.7359	375.26	0.6
-149.76	66.6	1.646	378.89	0.6
-149.76	67.5	1.6595	379.6	0.6
-149.76	67.8	1.6974	376.89	0.6
-149.46	59.4	1.5911	386.39	0.6
-149.46	60	1.498	46.62	0.6
-149.46	60.3	1.8037	49.49	0.6
-149.46	61.2	1.5663	91.346	0.6
-149.46	62.1	1.3916	135.91	0.6
-149.46	62.4	1.5522	343.44	0.6
-149.46	62.7	1.8485	340.63	0.6
-149.46	63	1.9811	333.34	0.6
-149.46	63.3	1.8284	332.55	0.6
-149.46	63.6	1.8418	340.21	0.6
-149.46	63.9	1.9759	355.18	0.6
-149.46	64.2	1.8705	364.44	0.6
-149.46	64.5	1.862	368.46	0.6
-149.46	64.8	1.5354	389.2	0.6
-149.46	65.1	1.6031	387.56	0.6
-149.46	66	1.5412	380.42	0.6
-149.46	66.3	1.6819	376.69	0.6
-149.46	66.6	1.6795	374.06	0.6
-149.46	67.5	1.6758	372.95	0.6
-149.16	59.4	1.6107	390.71	0.6
-149.16	60	1.6761	396.86	0.6
-149.16	60.3	1.7112	46.569	0.6
-149.16	62.4	1.292	329.3	0.6
-149.16	62.7	1.7804	344.65	0.6
-149.16	63	1.8395	332.22	0.6
-149.16	63.3	1.7043	341.31	0.6
-149.16	63.6	1.7556	346.49	0.6
-149.16	64.5	1.9072	369.76	0.6
-149.16	64.8	1.5177	396.54	0.6
-149.16	65.1	1.5285	389.18	0.6
-149.16	65.4	1.8257	365.2	0.6
-149.16	66	1.57	379.13	0.6
-149.16	66.3	1.6484	376.97	0.6
-149.16	67.5	1.642	378.04	0.6
-149.16	68.1	1.7487	371.93	0.6
-148.86	60	1.6706	40.592	0.6
-148.86	60.3	1.6162	45.023	0.6
-148.86	60.6	1.7206	50.479	0.6
-148.86	60.9	1.5963	60.689	0.6
-148.86	61.2	1.1075	76.97	0.6
-148.86	61.5	1.2538	387.85	0.6
-148.86	62.4	1.5094	128.04	0.6
-148.86	62.7	1.7888	342.06	0.6
-148.86	63	1.8374	337.71	0.6
-148.86	63.3	1.8129	335.78	0.6
-148.86	63.6	1.8848	340.91	0.6
-148.86	64.8	1.4416	399.48	0.6
-148.86	65.1	1.615	376.98	0.6
-148.86	65.4	1.7685	369.55	0.6
-148.86	65.7	1.7298	366.78	0.6
-148.86	66	1.6242	374.06	0.6
-148.86	66.3	1.6538	376.55	0.6
-148.86	66.6	1.7034	376	0.6
-148.86	68.1	1.7515	372.57	0.6
-148.86	68.7	1.8784	363.65	0.6
-148.56	60	1.7646	36.242	0.6
-148.56	60.3	1.5647	48.645	0.6
-148.56	60.6	1.4971	61.306	0.6
-148.56	61.2	1.5431	64.127	0.6
-148.56	62.4	1.5867	129.4	0.6
-148.56	63	1.9718	336.01	0.6
-148.56	63.6	1.9596	340.41	0.6
-148.56	63.9	1.8467	365.42	0.6
-148.56	64.8	1.1866	408.77	0.6
-148.56	65.1	1.6462	372.16	0.6
-148.56	65.4	1.7615	368.68	0.6
-148.56	65.7	1.7527	367.47	0.6
-148.56	66	1.6681	373.78	0.6
-148.56	66.3	1.7341	370.37	0.6
-148.56	68.1	1.7603	371.56	0.6
-148.56	68.7	1.9271	361.29	0.6
-148.26	60.3	1.5872	43.995	0.6
-148.26	60.6	1.5086	51.693	0.6
-148.26	60.9	1.7208	53.51	0.6
-148.26	61.2	1.5536	68.356	0.6
-148.26	61.5	1.1414	414.01	0.6
-148.26	62.1	1.2844	107.72	0.6
-148.26	62.4	1.6165	117.38	0.6
-148.26	63	1.9654	340.51	0.6
-148.26	63.9	1.8346	367.24	0.6
-148.26	64.2	1.9211	28.771	0.6
-148.26	64.5	1.7231	393.13	0.6
-148.26	64.8	1.4656	395.55	0.6
-148.26	65.1	1.7457	363.88	0.6
-148.26	65.4	1.7294	367.85	0.6
-148.26	65.7	1.7535	368.2	0.6
-148.26	66	1.6513	371.84	0.6
-148.26	66.3	1.7683	376.19	0.6
-148.26	68.7	1.9271	362.23	0.6
-147.96	60.3	1.5565	47.732	0.6
-147.96	60.6	1.4509	53.733	0.6
-147.96	60.9	1.3785	72.525	0.6
-147.96	61.2	1.3706	76.473	0.6
-147.96	61.5	1.2212	68.127	0.6
-147.96	62.1	1.1281	107.5	0.6
-147.96	62.4	1.4912	113.9	0.6
-147.96	63	1.9167	346.63	0.6
-147.96	64.2	1.9811	31.299	0.6
-147.96	64.5	1.7267	34.652	0.6
-147.96	64.8	1.4024	400.11	0.6
-147.96	65.1	1.6064	373.19	0.6
-147.96	65.4	1.7661	367.09	0.6
-147.96	65.7	1.7515	368.47	0.6
-147.96	66	1.7129	369.58	0.6
-147.96	66.3	1.7748	374.08	0.6
-147.96	66.6	1.7674	373.03	0.6
-147.96	68.7	1.9054	364.22	0.6
-147.96	69	1.9198	361.53	0.6
-147.96	69.6	1.8547	365.5	0.6
-147.66	60.3	1.5903	42.472	0.6
-147.66	60.6	1.4265	52.22	0.6
-147.66	60.9	1.3706	70.852	0.6
-147.66	61.2	1.6284	73.675	0.6
-147.66	61.5	1.0957	88.481	0.6
-147.66	62.1	1.2495	99.51	0.6
-147.66	62.4	1.5277	104.01	0.6
-147.66	64.2	1.9263	34.242	0.6
-147.66	64.5	1.844	387.89	0.6
-147.66	64.8	1.4184	399.76	0.6
-147.66	65.1	1.4238	391.97	0.6
-147.66	65.7	1.7655	368.44	0.6
-147.66	66	1.7594	367.61	0.6
-147.66	66.3	1.777	374.71	0.6
-147.66	66.6	1.9342	368.68	0.6
-147.66	69	1.9035	361.49	0.6
-147.66	69.6	1.8688	362.1	0.6
-147.36	60.3	1.1979	417.96	0.6
-147.36	60.6	1.1915	71.144	0.6
-147.36	60.9	1.3646	65.485	0.6
-147.36	61.2	1.5812	72.986	0.6
-147.36	61.5	1.1062	99.052	0.6
-147.36	62.4	1.395	106.75	0.6
-147.36	64.2	1.9154	35.956	0.6
-147.36	64.5	1.5209	49.354	0.6
-147.36	64.8	1.3373	408.16	0.6
-147.36	66	1.8327	366.63	0.6
-147.36	66.6	1.958	367.42	0.6
-147.36	66.9	1.7657	377.12	0.6
-147.36	67.2	1.7669	377.49	0.6
-147.36	67.5	1.7077	385.93	0.6
-147.36	68.4	1.7924	371.75	0.6
-147.36	69	1.9453	359.43	0.6
-147.36	69.6	1.8898	361.54	0.6
-147.06	60	1.2522	415.09	0.6
-147.06	60.3	1.0791	423.07	0.6
-147.06	60.6	1.2764	64.213	0.6
-147.06	60.9	1.3631	69.326	0.6
-147.06	61.2	1.5246	71.901	0.6
-147.06	61.5	1.434	71.284	0.6
-147.06	62.4	1.2065	107.71	0.6
-147.06	64.2	1.9467	34.818	0.6
-147.06	64.5	1.7105	44.905	0.6
-147.06	65.1	1.3501	402.89	0.6
-147.06	65.4	1.751	374.17	0.6
-147.06	66	1.8629	367.02	0.6
-147.06	66.3	1.9775	367.94	0.6
-147.06	66.6	1.8552	374.46	0.6
-147.06	66.9	1.7509	376.51	0.6
-147.06	67.2	1.751	378.59	0.6
-147.06	67.5	1.705	386.76	0.6
-147.06	68.4	1.795	369.95	0.6
-147.06	68.7	1.843	364.49	0.6
-147.06	69	1.9487	360.03	0.6
-147.06	69.6	1.937	357.4	0.6
-147.06	69.9	1.8004	360.01	0.6
-146.76	60	1.2085	415.7	0.6
-146.76	60.3	1.043	425.39	0.6
-146.76	61.2	1.355	71.926	0.6
-146.76	62.4	1.6042	60.656	0.6
-146.76	63.6	1.8444	333.18	0.6
-146.76	64.5	1.6899	43.03	0.6
-146.76	65.1	1.6297	393.47	0.6
-146.76	65.4	1.8374	368.96	0.6
-146.76	66	1.9284	363.12	0.6
-146.76	66.3	1.9097	371.77	0.6
-146.76	66.6	1.976	367.91	0.6
-146.76	66.9	1.7694	378.3	0.6
-146.76	67.2	1.7534	382.21	0.6
-146.76	67.5	1.6825	385.64	0.6
-146.76	68.7	1.8408	364.05	0.6
-146.76	69	1.9591	358.27	0.6
-146.76	69.3	1.8335	365.69	0.6
-146.76	69.6	1.949	356.47	0.6
-146.76	69.9	1.8758	360.15	0.6
-146.46	60	1.5386	398.14	0.6
-146.46	60.3	1.4761	403.11	0.6
-146.46	60.9	1.0698	73.695	0.6
-146.46	61.2	1.2527	81.696	0.6
-146.46	63.6	1.4526	49.859	0.6
-146.46	63.9	1.9953	379.74	0.6
-146.46	64.5	1.6931	45.112	0.6
-146.46	66	1.9799	363.52	0.6
-146.46	66.3	1.9073	375.76	0.6
-146.46	66.6	1.9643	372.38	0.6
-146.46	66.9	1.7698	377.81	0.6
-146.46	67.2	1.7415	382.56	0.6
-146.46	67.5	1.7289	384.91	0.6
-146.46	68.7	1.8558	362.16	0.6
-146.46	69	1.8887	357.38	0.6
-146.46	69.3	1.814	366.66	0.6
-146.46	69.9	1.8624	362.05	0.6
-146.16	60.3	1.3945	405.25	0.6
-146.16	60.9	1.1063	73.183	0.6
-146.16	61.2	1.1637	78.464	0.6
-146.16	63.3	1.6772	45.524	0.6
-146.16	63.6	1.7974	44.92	0.6
-146.16	63.9	1.8072	36.529	0.6
-146.16	65.1	1.7779	391.51	0.6
-146.16	66.9	1.802	383.12	0.6
-146.16	67.5	1.6974	386.27	0.6
-146.16	68.7	1.8076	363.28	0.6
-146.16	69	1.8788	356.62	0.6
-146.16	69.3	1.9591	357.65	0.6
-146.16	69.6	1.7811	359.13	0.6
-145.86	60.9	1.1397	74.747	0.6
-145.86	61.2	1.2469	75.285	0.6
-145.86	63.6	1.4842	57.131	0.6
-145.86	63.9	1.6902	50.967	0.6
-145.86	65.1	1.8902	29.054	0.6
-145.86	65.7	1.9747	378.53	0.6
-145.86	66.9	1.8094	382.24	0.6
-145.86	67.5	1.6729	384.34	0.6
-145.86	69	1.7608	360.92	0.6
-145.86	69.6	1.6267	374.52	0.6
-145.56	60.9	1.4122	72.14	0.6
-145.56	61.2	1.0054	89.168	0.6
-145.56	65.1	1.828	30.691	0.6
-145.56	65.7	1.9284	376.21	0.6
-145.56	67.5	1.6621	384.24	0.6
-145.56	67.8	1.6489	384.42	0.6
-145.56	69	1.8361	359	0.6
-145.56	69.6	1.6185	375.46	0.6
-145.26	60.3	1.2243	90.226	0.6
-145.26	65.1	1.8942	384.64	0.6
-145.26	65.4	1.9834	369.74	0.6
-145.26	65.7	1.9838	378.76	0.6
-145.26	67.8	1.6898	383.95	0.6
-145.26	68.1	1.771	369.99	0.6
-145.26	69.6	1.6244	375.44	0.6
-145.26	69.9	1.7962	366.65	0.6
-144.96	65.1	1.9507	373.5	0.6
-144.96	65.4	1.9162	374.27	0.6
-144.96	66.3	1.8043	381.94	0.6
-144.96	67.8	1.6511	380.52	0.6
-144.96	68.1	1.8072	367.62	0.6
-144.96	69	1.7241	365.76	0.6
-144.96	69.3	1.5078	372.22	0.6
-144.96	69.6	1.8275	368.25	0.6
-144.96	69.9	1.8972	365.09	0.6
-144.66	65.4	1.9452	375.17	0.6
-144.66	66.3	1.6896	392.45	0.6
-144.66	67.2	1.7965	383.29	0.6
-144.66	68.1	1.7584	368.04	0.6
-144.66	69	1.5705	378.66	0.6
-144.66	69.3	1.6182	374.19	0.6
-144.66	69.6	1.7677	370.53	0.6
-144.66	69.9	1.718	369.91	0.6
-144.36	63	1.934	38.288	0.6
-144.36	65.4	1.9219	376.23	0.6
-144.36	65.7	1.9237	378.62	0.6
-144.36	66.9	1.6655	394.46	0.6
-144.36	67.2	1.7793	382.25	0.6
-144.36	69	1.6001	377.96	0.6
-144.36	69.3	1.5287	380.06	0.6
-144.36	69.6	1.641	375.87	0.6
-144.36	69.9	1.6215	371.59	0.6
-144.06	62.7	1.8868	52.07	0.6
-144.06	63.3	1.9001	44.341	0.6
-144.06	65.4	1.8447	380.77	0.6
-144.06	65.7	1.7461	385.94	0.6
-144.06	66.9	1.6406	42.46	0.6
-144.06	67.2	1.6668	390.31	0.6
-144.06	67.5	1.7736	378.12	0.6
-144.06	69.3	1.4796	390.58	0.6
-144.06	69.6	1.6303	378.89	0.6
-143.76	60.3	1.4781	364.88	0.6
-143.76	60.6	1.4152	358.3	0.6
-143.76	62.7	1.7378	53.242	0.6
-143.76	63	1.9927	63.856	0.6
-143.76	65.7	1.7315	387.09	0.6
-143.76	67.5	1.7169	390.38	0.6
-143.76	69.3	1.4429	400.2	0.6
-143.76	69.6	1.753	373.91	0.6
-143.46	60.3	1.7238	343.6	0.6
-143.46	60.6	1.3475	361.4	0.6
-143.46	62.7	1.7309	46.792	0.6
-143.46	63	1.9549	69.477	0.6
-143.46	65.4	1.7401	385.37	0.6
-143.46	65.7	1.6895	392.42	0.6
-143.46	67.2	1.6168	44.192	0.6
-143.16	62.7	1.8545	42.716	0.6
-143.16	65.4	1.7295	388.47	0.6
-143.16	65.7	1.7048	392.61	0.6
-143.16	66	1.6816	395.08	0.6
-143.16	67.2	1.637	40.867	0.6
-142.86	61.8	1.9079	34.766	0.6
-142.86	62.4	1.97	38.142	0.6
-142.86	65.7	1.7128	390.31	0.6
-142.86	66	1.6664	397.19	0.6
-142.86	66.3	1.5758	45.87	0.6
-142.86	67.2	1.647	40.714	0.6
-142.56	61.5	1.9754	28.897	0.6
-142.56	61.8	1.9516	35.534	0.6
-142.56	62.1	1.7274	41.545	0.6
-142.56	62.4	1.9039	42.83	0.6
-142.56	66	1.6474	398.09	0.6
-142.56	66.3	1.6006	42.944	0.6
-142.56	66.9	1.6136	41.032	0.6
-142.26	62.1	1.8435	39.916	0.6
-142.26	62.4	1.7579	48.198	0.6
-142.26	66	1.6905	394.59	0.6
-142.26	66.3	1.5723	46.396	0.6
-142.26	66.6	1.5959	43.882	0.6
-142.26	66.9	1.6435	40.524	0.6
-141.96	62.1	1.7084	52.519	0.6
-141.96	66	1.5914	42.318	0.6
-141.96	66.3	1.6708	39.16	0.6
-141.96	66.6	1.6449	41.717	0.6
-141.66	61.5	1.9499	33.152	0.6
-141.66	61.8	1.9021	39.345	0.6
-141.66	62.1	1.8818	40.227	0.6
-141.66	62.4	1.6218	53.085	0.6
-141.66	66	1.6122	41.659	0.6
-141.66	66.6	1.6541	39.339	0.6
-141.36	61.2	1.8272	37.113	0.6
-141.36	61.5	1.936	35.998	0.6
-141.36	61.8	1.8903	38.594	0.6
-141.36	62.4	1.7637	48.166	0.6
-141.36	66	1.6647	397.14	0.6
-141.36	67.8	1.6281	41.312	0.6
-141.06	61.2	1.9456	32.801	0.6
-141.06	61.5	1.9852	35.072	0.6
-141.06	61.8	1.9619	36.249	0.6
-141.06	62.1	1.9657	30.639	0.6
-141.06	64.8	1.8026	388.01	0.6
-141.06	67.8	1.6486	40.159	0.6
-140.76	60.3	1.8027	372.87	0.6
-140.76	61.2	1.8675	48.839	0.6
-140.76	61.5	1.8821	39.986	0.6
-140.76	61.8	1.899	40.299	0.6
-140.76	64.8	1.8101	385.7	0.6
-140.76	67.8	1.6395	41.848	0.6
-140.46	60.9	1.6543	57.464	0.6
-140.46	61.2	1.7684	55.867	0.6
-140.46	61.8	1.9448	37.5	0.6
-140.46	62.4	1.8839	38.283	0.6
-140.46	64.8	1.7661	387.76	0.6
-140.16	60.3	1.9548	347.53	0.6
-140.16	60.9	1.803	50.468	0.6
-140.16	61.2	1.7859	56.442	0.6
-140.16	61.5	1.9734	48.128	0.6
-139.86	61.2	1.852	49.41	0.6
-139.86	61.5	1.9459	46.02	0.6
-139.56	61.2	1.8085	44.898	0.6
-139.26	62.4	1.9554	37.085	0.6
-139.26	65.1	1.7993	386.97	0.6
-138.96	62.4	1.8923	42.429	0.6
-138.96	64.5	1.9827	25.321	0.6
-138.96	65.1	1.8614	384.29	0.6
-138.96	67.2	1.7113	48.023	0.6
-138.96	67.5	1.7125	48.58	0.6
-138.36	59.4	1.9904	56.559	0.6
-137.16	59.4	1.9641	80.412	0.6
-137.16	62.4	1.962	39.004	0.6
-136.86	60	1.9773	74.272	0.6
-136.86	62.4	1.9281	41.98	0.6
-136.56	60	1.9761	84.672	0.6
-136.56	68.1	1.8797	39.387	0.6
-136.26	66.9	1.9614	40.517	0.6
-136.26	67.8	1.964	35.883	0.6
-136.26	68.1	1.8757	41.598	0.6
-135.96	66.3	1.983	40.197	0.6
-135.96	66.6	1.9906	39.927	0.6
-135.96	66.9	1.9443	43.357	0.6
-135.66	66.3	1.9863	40.985	0.6
-135.66	66.6	1.9682	41.532	0.6
-135.66	66.9	1.9435	41.338	0.6
-135.06	55.5	1.9784	54.671	0.6
-135.06	66	1.9985	33.311	0.6
-134.76	64.5	1.9528	29.467	0.6
-134.46	54.6	1.9384	52.95	0.6
-134.46	54.9	1.8967	55.385	0.6
-134.46	55.2	1.9387	58.252	0.6
-134.16	54.3	1.9665	52.682	0.6
-133.86	54	1.9447	50.142	0.6
-133.56	54	1.9339	54.064	0.6
-133.56	62.4	1.9475	43.331	0.6
-132.36	52.8	1.8631	54.491	0.6
-132.36	53.1	1.8352	53.311	0.6
-132.06	52.5	1.8523	53.158	0.6
-131.76	51.6	1.8043	48.926	0.6
-131.76	51.9	1.7967	52.421	0.6
-131.76	52.2	1.8534	52.71	0.6
-131.46	51.3	1.6253	62.976	0.6
-131.46	51.6	1.8224	45.861	0.6
-131.46	51.9	1.6721	57.305	0.6
-131.46	52.2	1.8269	53.393	0.6
-131.46	52.5	1.8646	53.206	0.6
-131.16	51	1.542	66.326	0.6
-131.16	51.3	1.6691	60.445	0.6
-131.16	51.6	1.6981	60.036	0.6
-130.86	50.4	1.2982	80.098	0.6
-130.86	50.7	1.5192	67.746	0.6
-130.86	51	1.6622	60.978	0.6
-130.86	51.3	1.6292	65.261	0.6
-130.86	51.6	1.6841	64.803	0.6
-130.86	54.9	1.9077	52.316	0.6
-130.56	49.5	1.523	53.013	0.6
-130.56	49.8	1.4643	55.709	0.6
-130.56	50.1	1.3854	69.526	0.6
-130.56	50.4	1.2703	79.796	0.6
-130.56	50.7	1.398	73.912	0.6
-130.56	51	1.625	69.721	0.6
-130.56	51.3	1.6582	66.101	0.6
-130.56	54.9	1.93	54.283	0.6
-130.56	63.9	1.9591	41.05	0.6
-130.26	48.9	1.6201	42.571	0.6
-130.26	49.2	1.5428	48.221	0.6
-130.26	49.5	1.544	50.409	0.6
-130.26	49.8	1.4206	58.898	0.6
-130.26	50.1	1.3924	69.224	0.6
-130.26	50.4	1.262	78.35	0.6
-130.26	50.7	1.401	69.119	0.6
-130.26	51	1.7424	62.757	0.6
-129.96	48.9	1.5884	399.75	0.6
-129.96	49.2	1.6067	44.063	0.6
-129.96	49.5	1.5247	50.273	0.6
-129.96	49.8	1.4459	56.895	0.6
-129.96	50.1	1.3972	64.808	0.6
-129.96	50.4	1.335	72.858	0.6
-129.96	50.7	1.4688	64.582	0.6
-129.66	48.9	1.5609	42.353	0.6
-129.66	49.2	1.5798	400.55	0.6
-129.66	49.5	1.5129	45.636	0.6
-129.66	50.1	1.494	56.621	0.6
-129.36	48	1.6398	51.162	0.6
-129.36	48.9	1.5921	44.715	0.6
-129.36	49.2	1.5333	400.04	0.6
-129.36	49.5	1.5205	401.4	0.6
-129.06	47.4	1.5874	52.933	0.6
-129.06	47.7	1.6022	53.362	0.6
-129.06	48	1.5859	53.568	0.6
-129.06	48.6	1.5987	52.85	0.6
-129.06	48.9	1.2994	55.902	0.6
-129.06	49.2	1.2944	412.15	0.6
-129.06	49.5	1.3953	407.54	0.6
-128.76	48.6	1.672	49.689	0.6
-128.76	48.9	1.5159	403.75	0.6
-128.76	49.2	1.4668	405.4	0.6
-128.46	48.6	1.6779	47.141	0.6
-128.46	48.9	1.4965	47.357	0.6
-128.46	49.5	1.4059	50.217	0.6
-128.16	48.6	1.5961	51.634	0.6
-128.16	48.9	1.5881	43.38	0.6
-127.86	48.9	1.5315	45.305	0.6
-127.86	49.2	1.5268	46.503	0.6
-127.56	49.5	1.5678	42.658	0.6
-127.56	49.8	1.4933	45.562	0.6
-127.56	62.7	1.998	64.235	0.6
-127.26	49.5	1.5504	46.403	0.6
-126.96	49.5	1.5019	49.556	0.6
-126.36	49.2	1.5132	47.861	0.6
-126.06	49.2	1.5453	46.516	0.6
-125.46	62.7	1.9821	63.913	0.6
-125.16	48.6	1.8703	387.47	0.6
-124.26	51	1.7701	389.92	0.6
-124.26	62.4	1.9895	62.911	0.6
-123.36	48.9	1.899	385.26	0.6
-122.76	47.4	1.9931	381.75	0.6
-122.76	47.7	1.9802	381.4	0.6
-122.76	48	1.8957	385.93	0.6
-122.46	48.3	1.912	385.33	0.6
-122.46	49.5	1.9189	384.83	0.6
-122.16	48.3	1.8689	28.133	0.6
-121.86	48.3	1.8944	386.22	0.6
-120.66	47.1	1.8068	389.04	0.6
-120.66	47.4	1.7873	388.77	0.6
-120.66	47.7	1.8373	388.58	0.6
-119.76	48.6	1.9407	26.657	0.6
-119.46	48.6	1.8364	32.714	0.6
