-179.16	51.9	0.41192	411.92	0.6
-178.56	51.6	0.5	410.79	0.6
-178.56	51.9	0.57245	406.52	0.6
-178.26	51.6	0.2754	422.32	0.6
-178.26	51.9	0.54141	408.66	0.6
-177.96	51.3	0.27189	425.78	0.6
-177.96	51.6	0.38556	418.68	0.6
-177.96	51.9	0.38647	419.76	0.6
-177.66	51.9	0.39171	419.78	0.6
-177.66	60.3	0.89824	348.13	0.6
-177.66	60.6	0.89711	349.08	0.6
-177.36	51.9	0.42445	419.04	0.6
-177.36	60.3	0.89674	350	0.6
-175.26	58.5	0.87727	354.86	0.6
-174.96	51.9	0.17815	414.12	0.6
-174.96	58.5	0.92679	353.49	0.6
-174.66	66.3	0.94552	354.38	0.6
-174.36	66.3	0.94874	353.81	0.6
-171.36	52.8	0.10251	418.95	0.6
-171.06	64.5	0.99657	350.8	0.6
-169.26	56.7	0.15789	374.86	0.6
-168.96	56.7	0.11022	387.38	0.6
-168.66	53.1	0.36929	413.06	0.6
-168.66	56.7	0.18798	401.81	0.6
-168.36	52.8	0.18635	414.48	0.6
-168.36	53.1	0.26573	412.95	0.6
-168.36	54.3	0.22045	417.75	0.6
-168.06	54.3	0.24524	411.82	0.6
-167.76	54	0.16384	421.59	0.6
-167.76	56.4	0.17633	413.73	0.6
-167.46	53.4	0.11895	420.98	0.6
-167.46	53.7	0.17086	420.04	0.6
-167.46	54	0.18627	419.5	0.6
-167.46	60.9	0.90374	355.77	0.6
-167.16	53.1	0.081991	417.28	0.6
-167.16	53.4	0.10672	422.44	0.6
-167.16	53.7	0.15827	422.22	0.6
-167.16	54	0.17999	418.77	0.6
-167.16	60.9	0.79632	363.47	0.6
-166.86	53.1	0.11507	422.3	0.6
-166.86	53.7	0.15602	424.56	0.6
-166.86	54	0.14823	420.52	0.6
-166.86	60.9	0.74853	363.97	0.6
-166.56	52.8	0.14615	411.93	0.6
-166.56	53.1	0.083188	420.78	0.6
-165.96	54	0.1068	426.53	0.6
-165.66	53.4	0.11353	423.25	0.6
-165.66	54	0.10952	417.3	0.6
-150.66	59.7	0.45014	444.28	0.6
-149.76	61.8	0.69635	353.17	0.6
-149.46	61.5	0.59294	359.81	0.6
-149.46	61.8	0.65872	356.02	0.6
-149.16	61.2	0.54312	120.5	0.6
-149.16	61.8	0.41486	363.28	0.6
-149.16	62.1	0.46303	169.21	0.6
-148.86	61.8	0.2899	385.54	0.6
-148.86	62.1	0.61491	141.86	0.6
-148.56	61.8	0.53284	412.43	0.6
-148.56	62.1	0.95139	128.44	0.6
-148.26	61.8	0.38282	97.92	0.6
-147.96	61.8	0.34476	449.05	0.6
-147.66	61.8	0.37102	115.13	0.6
-147.36	61.8	0.64545	120.06	0.6
-147.06	61.8	0.89442	114.13	0.6
-146.76	60.9	0.59257	105.26	0.6
-146.76	61.5	0.74076	97.923	0.6
-146.76	61.8	0.96193	109.22	0.6
-146.46	60.6	0.64982	95.641	0.6
-146.46	61.5	0.57022	107.23	0.6
-146.46	61.8	0.92386	116.9	0.6
-146.16	60.6	0.74527	90.674	0.6
-146.16	61.5	0.53514	116.93	0.6
-145.86	61.5	0.60789	115.06	0.6
-145.56	61.5	0.53261	114.14	0.6
-145.26	60.6	0.83231	111.29	0.6
-144.96	60.3	0.35467	151.58	0.6
-144.96	60.6	0.33499	141.67	0.6
-144.66	60.3	0.21111	166.6	0.6
-144.66	60.6	0.28502	147.95	0.6
-144.06	60.6	0.33534	375.28	0.6
-141.06	60.6	0.27229	420.89	0.6
