-180.96	51.6	2.0767	340.06	0.6
-180.06	51.3	2.002	341.27	0.6
-179.76	51.3	2.0301	344.68	0.6
-179.46	51	2.0676	339.42	0.6
-179.46	51.3	2.0851	344.85	0.6
-179.16	51	2.057	348.79	0.6
-177.36	51	2.153	355.9	0.6
-177.06	51	2.1661	354.95	0.6
-177.06	51.3	2.1563	355.82	0.6
-176.76	51	2.1579	351.93	0.6
-176.76	51.3	2.2387	349.74	0.6
-176.46	51	2.2306	348.24	0.6
-176.46	51.3	2.2611	345.46	0.6
-176.46	51.6	2.0069	360.06	0.6
-176.16	51	2.2054	349.55	0.6
-176.16	51.3	2.1733	353.17	0.6
-176.16	51.6	2.2003	352.71	0.6
-175.86	51	2.2424	351.24	0.6
-175.86	51.3	2.2411	350.41	0.6
-175.86	51.9	2.1189	348.83	0.6
-175.56	51.3	2.2044	351.27	0.6
-175.26	51.3	2.4307	340.37	0.6
-175.26	51.6	2.3796	343.4	0.6
-174.96	51.3	2.4145	343.5	0.6
-174.96	51.6	2.3997	342.08	0.6
-174.66	51.3	2.3489	342.93	0.6
-174.66	51.6	2.4089	337.04	0.6
-174.66	51.9	2.147	348.05	0.6
-174.36	51.3	2.3979	340.45	0.6
-174.36	51.6	2.3553	340.4	0.6
-174.36	51.9	2.3252	341.3	0.6
-174.06	51.3	2.3618	342.43	0.6
-174.06	51.6	2.3978	337.5	0.6
-173.76	51.3	2.4248	339.45	0.6
-173.76	51.6	2.3676	340.75	0.6
-173.76	51.9	2.0497	361.1	0.6
-173.46	51.3	2.5147	337.68	0.6
-173.46	51.6	2.4138	338.49	0.6
-173.46	51.9	2.3208	343.85	0.6
-173.16	51.3	2.3556	344.7	0.6
-173.16	51.6	2.3292	345.11	0.6
-173.16	51.9	2.3536	343.73	0.6
-172.86	51.3	2.399	341.94	0.6
-172.86	51.6	2.3411	344.47	0.6
-172.56	51.6	2.3415	345.34	0.6
-171.96	51.9	2.5782	362.03	0.6
-171.36	51.6	2.6362	332.44	0.6
-171.06	51.6	2.5768	313.47	0.6
-171.06	51.9	2.607	322.95	0.6
-170.76	51.9	2.5809	315.31	0.6
-170.76	52.2	2.5167	313.16	0.6
-170.46	51.9	2.5643	301.84	0.6
-170.46	52.2	2.5596	307.09	0.6
-170.16	51.9	2.5335	309.73	0.6
-170.16	52.2	2.5121	312.48	0.6
-169.86	51.9	2.4537	306.34	0.6
-169.86	52.2	2.4853	310.05	0.6
-169.56	51.9	2.4482	303.21	0.6
-169.56	52.2	2.4563	305.43	0.6
-169.26	51.9	2.3947	315.9	0.6
-169.26	52.2	2.2556	340.41	0.6
-168.96	51.9	2.3633	337.19	0.6
-168.96	52.2	2.386	335.83	0.6
-168.66	52.2	2.4675	333.09	0.6
-168.36	52.2	2.4642	333.01	0.6
-168.36	52.5	2.4561	330	0.6
-168.06	52.2	2.4508	334.06	0.6
-168.06	52.8	2.3574	335.23	0.6
-167.76	52.2	2.5291	331	0.6
-167.46	52.2	2.4849	329.49	0.6
-167.46	52.5	2.4813	325.61	0.6
-167.46	52.8	2.4372	328.56	0.6
-167.16	52.5	2.6435	321.43	0.6
-167.16	52.8	2.2296	338.17	0.6
-166.86	52.5	2.6534	322.62	0.6
-166.86	52.8	2.3058	334.93	0.6
-166.56	52.5	2.5265	325.4	0.6
-166.26	52.5	2.5132	327.95	0.6
-164.46	52.8	2.5004	331.83	0.6
-164.46	53.4	2.2077	341.08	0.6
-164.46	54.6	2.1545	341.72	0.6
-164.16	52.8	2.4426	331.06	0.6
-164.16	53.4	2.2744	340.9	0.6
-164.16	54.3	2.0687	345.3	0.6
-164.16	54.6	2.1703	338.04	0.6
-163.86	53.4	2.3599	338.64	0.6
-163.86	54.3	2.2496	340.92	0.6
-163.86	54.6	2.3681	336.27	0.6
-163.56	53.4	2.3107	341.77	0.6
-163.56	53.7	2.2533	342.01	0.6
-163.56	54.6	2.4274	336.43	0.6
-163.26	53.4	2.3112	340.08	0.6
-163.26	53.7	2.3465	338.78	0.6
-162.96	53.4	2.4976	329.08	0.6
-162.96	53.7	2.3941	332.92	0.6
-162.96	54.3	2.145	342.42	0.6
-162.66	53.7	2.4145	335.72	0.6
-161.76	55.5	2.1797	346.79	0.6
-161.46	54.3	2.181	346.28	0.6
-161.46	54.6	2.0943	351.08	0.6
-161.46	55.5	2.1881	348.33	0.6
-161.16	54.3	2.3907	334.06	0.6
-161.16	54.6	2.0434	354.88	0.6
-160.26	54.9	2.0667	355.83	0.6
-159.66	54.3	2.354	338.56	0.6
-159.36	54.3	2.3405	334.32	0.6
-159.06	54.6	2.1313	355.78	0.6
-158.76	54.6	2.2422	346.02	0.6
-156.96	55.8	2.0029	351.63	0.6
-154.86	62.1	2.0833	305.51	0.6
-154.26	61.5	2.1044	323.8	0.6
-154.26	62.1	2.0657	306.41	0.6
-153.96	61.5	2.1806	321.38	0.6
-153.96	61.8	2.0999	321.13	0.6
-153.96	62.1	2.1337	294.39	0.6
-153.66	61.8	2.1853	321.89	0.6
-153.36	62.1	2.202	294.61	0.6
-153.06	60.9	2.042	346.38	0.6
-153.06	62.1	2.2299	285.22	0.6
-153.06	62.7	2.1961	293.51	0.6
-152.76	62.1	2.28	288.11	0.6
-152.76	62.4	2.2009	297.03	0.6
-152.76	62.7	2.1671	299.81	0.6
-152.76	63	2.0359	313.17	0.6
-152.46	61.8	2.1604	345.2	0.6
-152.46	62.1	2.4044	282.12	0.6
-152.46	62.4	2.18	297.74	0.6
-152.46	62.7	2.1576	301.76	0.6
-152.46	63.9	2.0297	336.45	0.6
-152.16	60.6	2.103	317.02	0.6
-152.16	61.8	2.0766	343.97	0.6
-152.16	62.7	2.1829	301.63	0.6
-151.86	60.6	2.142	305.93	0.6
-151.86	61.8	2.5395	359.45	0.6
-151.86	62.4	2.1519	304.83	0.6
-151.86	62.7	2.2466	293.73	0.6
-151.86	63.6	2.122	330.84	0.6
28.443	60.6	2.197	102.21	0.6
-151.56	61.5	2.1044	359.35	0.6
28.443	61.8	2.5897	79.341	0.6
-151.56	62.4	2.2297	291.92	0.6
-151.56	62.7	2.2148	293.48	0.6
-151.56	63.3	2.0235	338.76	0.6
-151.56	63.6	2.1363	327.73	0.6
28.743	60.6	2.1923	86.853	0.6
28.743	60.9	2.1982	98.639	0.6
28.743	61.2	2.3092	86.38	0.6
-151.26	61.5	2.5001	309.51	0.6
-151.26	61.8	2.1471	299.08	0.6
-151.26	62.4	2.1861	291.11	0.6
-151.26	62.7	2.2043	294.12	0.6
-151.26	63.3	2.0579	341.45	0.6
-151.26	63.6	2.147	329.71	0.6
29.043	60.6	2.1669	87.884	0.6
29.043	60.9	2.1033	89.869	0.6
29.043	61.2	2.1448	102.6	0.6
-150.96	61.5	2.1387	302.2	0.6
-150.96	61.8	2.0277	294.64	0.6
-150.96	62.1	2.0223	295.38	0.6
-150.96	62.7	2.1277	304.16	0.6
-150.96	63	2.2041	314.84	0.6
-150.96	63.3	2.1996	340.24	0.6
-150.96	63.6	2.0864	339.87	0.6
29.343	60.9	2.0327	96.661	0.6
29.343	61.2	2.0097	106.46	0.6
-150.66	61.5	2.0345	307.84	0.6
-150.66	61.8	2.0246	291.43	0.6
-150.66	62.1	2.0597	294.84	0.6
-150.66	63	2.1447	344.95	0.6
-150.66	63.3	2.0554	349.54	0.6
-150.66	63.6	2.1485	339.91	0.6
29.643	60.9	2.0416	98.174	0.6
29.643	61.2	2.0587	94.022	0.6
-150.36	62.1	2.0378	299.14	0.6
-150.36	63	2.0715	343.12	0.6
-150.36	63.3	2.1217	339.18	0.6
-150.36	63.6	2.2171	340.81	0.6
29.943	60.9	2.2393	85.996	0.6
-150.06	62.1	2.0174	303.36	0.6
-150.06	63.3	2.0067	331.1	0.6
-150.06	63.6	2.0103	349.26	0.6
-149.46	60.6	2.2479	47.936	0.6
-149.16	60.6	2.0201	39.808	0.6
-149.16	63.9	2.0372	349.81	0.6
-148.86	63.9	2.0431	352.39	0.6
-148.86	64.2	2.0568	374.9	0.6
-148.56	62.7	2.018	328.68	0.6
-148.56	63.3	2.0709	333.38	0.6
-148.56	64.2	2.0249	378.9	0.6
-148.26	62.7	2.1313	320.31	0.6
-148.26	63.3	2.2842	323.59	0.6
-148.26	63.6	2.2338	333.96	0.6
-147.96	63.3	2.1712	350.93	0.6
-147.96	63.6	2.2163	341.07	0.6
-147.96	63.9	2.0329	369.95	0.6
-147.66	63	2.0892	352.07	0.6
-147.66	63.3	2.0071	355.64	0.6
-147.66	63.6	2.1135	350.97	0.6
-147.66	63.9	2.0974	372.21	0.6
-147.36	63	2.0876	348.37	0.6
-147.36	63.3	2.1356	342.7	0.6
-147.36	63.6	2.0912	349.74	0.6
-147.36	63.9	2.2059	366.06	0.6
-147.06	63.3	2.117	342.18	0.6
-147.06	63.6	2.1077	342.96	0.6
-147.06	63.9	2.1666	364.81	0.6
-146.76	63.3	2.1915	348.66	0.6
-146.76	63.9	2.1408	373.06	0.6
-145.86	62.1	2.296	21.284	0.6
-145.86	62.4	2.2601	21.504	0.6
-145.86	63.3	2.0499	50.512	0.6
-145.56	62.1	2.213	21.767	0.6
-145.56	62.4	2.1602	30.417	0.6
-145.56	63.3	2.1465	22.327	0.6
-145.26	62.1	2.1749	17.643	0.6
-145.26	63.3	2.0962	27.945	0.6
-145.26	63.6	2.0924	30.671	0.6
-144.96	63.3	2.0426	32.542	0.6
-144.96	63.6	2.1435	38.146	0.6
-144.96	65.7	2.0348	371.39	0.6
-144.66	62.7	2.1474	26.324	0.6
-144.66	63	2.0575	35.508	0.6
-144.66	63.3	2.0956	52.932	0.6
-144.66	63.6	2.1114	36.407	0.6
-144.66	65.7	2.0296	368.43	0.6
-144.36	62.7	2.0576	44.603	0.6
-144.36	63.3	2.1712	34.04	0.6
-144.06	63	2.0506	46.906	0.6
-143.76	63.3	2.2104	56.37	0.6
-143.46	63.3	2.1775	66.358	0.6
-143.16	60.3	2.4172	322.37	0.6
-143.16	60.6	2.458	326.69	0.6
-143.16	63	2.1064	51.206	0.6
-143.16	63.3	2.1157	65.289	0.6
-142.86	60.3	2.4212	340.27	0.6
-142.86	60.6	2.501	319.73	0.6
-142.86	62.7	2.1327	38.385	0.6
-142.56	60	2.0275	358.74	0.6
-142.56	60.3	2.6892	338.58	0.6
-142.56	60.6	2.553	338.04	0.6
-142.56	62.7	2.1416	29.818	0.6
-142.26	60	2.1428	369.42	0.6
-142.26	60.6	2.2933	367.3	0.6
-141.96	60	2.2854	362.96	0.6
-141.96	60.3	2.059	365.46	0.6
-141.96	60.6	2.1986	374.65	0.6
-141.96	61.8	2.0833	22.064	0.6
-141.66	60	2.3738	357.27	0.6
-141.66	60.3	2.1427	357.36	0.6
-141.66	60.6	2.2857	358.2	0.6
-141.36	60	2.4109	336.79	0.6
-141.36	60.3	2.1935	357.58	0.6
-141.36	60.6	2.2278	355.85	0.6
-141.36	62.1	2.0012	29.14	0.6
-141.06	60	2.3071	349.54	0.6
-141.06	60.3	2.0441	369.77	0.6
-140.76	60	2.2162	355.57	0.6
-140.76	60.6	2.0586	333.6	0.6
-140.46	60	2.1877	357.13	0.6
-140.46	60.3	2.0255	357.31	0.6
-140.46	60.6	2.0278	359.85	0.6
-140.46	61.5	2.009	38.029	0.6
-140.16	60	2.1297	346.98	0.6
-139.86	60	2.2582	333.84	0.6
-139.86	60.3	2.074	338.48	0.6
-139.56	59.7	2.6248	21.307	0.6
-139.56	60	2.4298	330.07	0.6
-139.56	60.3	2.1634	331.34	0.6
-139.26	59.4	2.2272	46.258	0.6
-139.26	59.7	2.6257	35.045	0.6
-139.26	60	2.528	336.32	0.6
-139.26	60.3	2.2211	331.32	0.6
-139.26	61.2	2.0413	35.612	0.6
-138.96	59.4	2.1485	48.668	0.6
-138.96	59.7	2.3975	25.455	0.6
-138.96	60	2.3113	24.466	0.6
-138.96	60.3	2.3479	349.74	0.6
-138.96	61.2	2.0632	36.371	0.6
-138.66	59.7	2.3183	39.041	0.6
-138.66	60.3	2.3376	16.001	0.6
-138.66	60.9	2.0714	34.762	0.6
-138.66	64.5	2.0353	23.528	0.6
-138.66	65.1	2.0285	380.31	0.6
-138.36	59.1	2.1302	55.709	0.6
-138.36	60.9	2.0648	36.751	0.6
-138.06	59.1	2.0504	65.283	0.6
-138.06	59.4	2.006	64.624	0.6
-138.06	59.7	2.0344	59.096	0.6
-138.06	60	2.1717	54.161	0.6
-138.06	60.3	2.2846	18.406	0.6
-138.06	60.6	2.2131	29.996	0.6
-138.06	60.9	2.1357	26.099	0.6
-137.76	58.2	2.25	49.698	0.6
-137.76	58.5	2.1642	49.496	0.6
-137.76	58.8	2.1659	69.288	0.6
-137.76	59.7	2.0425	68.279	0.6
-137.76	60.3	2.1139	54.614	0.6
-137.76	60.6	2.1325	40.261	0.6
-137.46	58.2	2.272	48.235	0.6
-137.46	58.5	2.265	49.946	0.6
-137.46	58.8	2.1254	75.253	0.6
-137.46	59.1	2.129	71.329	0.6
-137.46	59.7	2.0296	77.537	0.6
-137.46	60.6	2.1296	46.89	0.6
-137.16	58.2	2.2654	50.144	0.6
-137.16	58.5	2.2527	51.05	0.6
-137.16	58.8	2.3475	63.032	0.6
-137.16	59.1	2.2757	69.178	0.6
-137.16	59.7	2.0643	73.072	0.6
-136.86	58.2	2.335	42.535	0.6
-136.86	58.5	2.3432	39.98	0.6
-136.86	58.8	2.3137	74.379	0.6
-136.86	59.1	2.193	82.29	0.6
-136.86	59.4	2.0319	74.522	0.6
-136.86	59.7	2.0504	81.555	0.6
-136.56	57.3	2.3197	43.04	0.6
-136.56	58.8	2.2667	78.085	0.6
-136.56	59.1	2.1779	81.859	0.6
-136.56	59.4	2.0539	80.464	0.6
-136.56	59.7	2.0514	80.129	0.6
-136.26	57.3	2.2989	42.831	0.6
-136.26	59.1	2.1748	83.669	0.6
-136.26	59.4	2.1146	76.633	0.6
-136.26	59.7	2.0148	83.667	0.6
-135.96	56.4	2.175	40.077	0.6
-135.96	56.7	2.1936	40.438	0.6
-135.96	59.1	2.217	79.895	0.6
-135.96	59.7	2.0706	80.887	0.6
-135.36	55.5	2.059	47.291	0.6
-135.36	59.4	2.1873	79.081	0.6
-135.36	65.4	2.0208	32.478	0.6
-135.36	66	2.0656	35.357	0.6
-135.36	66.3	2.0001	40.146	0.6
-135.06	55.2	2.009	55.718	0.6
-135.06	55.8	2.0359	52.843	0.6
-135.06	59.4	2.1833	79.362	0.6
-135.06	64.5	2.043	26.694	0.6
-135.06	65.4	2.0235	35.228	0.6
-135.06	65.7	2.0269	33.953	0.6
-135.06	66.3	2.0926	33.746	0.6
-134.76	55.2	2.0912	47.393	0.6
-134.76	59.4	2.1978	77.942	0.6
-134.76	65.1	2.024	34.957	0.6
-134.76	65.4	2.0158	35.151	0.6
-134.76	65.7	2.0408	32.551	0.6
-134.46	58.8	2.2827	80.371	0.6
-134.46	65.1	2.0289	31.755	0.6
-134.16	58.8	2.2726	79.79	0.6
-134.16	65.1	2.0514	33.01	0.6
-134.16	65.4	2.0026	33.781	0.6
-133.86	64.8	2.0395	28.127	0.6
-133.86	65.1	2.0564	31.667	0.6
-133.86	65.4	2.0623	32.944	0.6
-133.56	64.8	2.0695	25.258	0.6
-133.56	65.1	2.0352	34.561	0.6
-133.56	65.4	2.0715	32.687	0.6
-133.26	62.4	2.0138	39.395	0.6
-133.26	65.1	2.0895	29.986	0.6
-132.96	64.8	2.1221	25.601	0.6
-132.66	64.8	2.1082	26.484	0.6
-130.56	66.6	2.0847	33.832	0.6
-130.26	63.9	2.0137	41.507	0.6
-130.26	66.6	2.1036	32.895	0.6
-129.66	60.6	2.1352	65.517	0.6
-129.36	60.6	2.1168	64.699	0.6
-129.36	63.6	2.087	49.978	0.6
-129.36	64.8	2.0596	36.32	0.6
-129.06	63.6	2.0422	53.653	0.6
-129.06	64.8	2.0776	37.231	0.6
-128.76	64.2	2.1637	39.543	0.6
-127.86	62.4	2.0265	61.764	0.6
-127.86	62.7	2.0397	60.976	0.6
-126.36	63.3	2.0508	63.637	0.6
-126.36	63.6	2.0705	63.164	0.6
-125.76	60.9	2.1254	60.853	0.6
-125.76	62.7	2.018	63.179	0.6
-125.76	63	2.0131	61.646	0.6
-125.46	60.9	2.1007	61.259	0.6
-125.16	60.9	2.1343	62.136	0.6
-124.56	62.1	2.0119	64.204	0.6
-124.56	62.4	2.015	62.199	0.6
-124.26	62.1	2.0049	62.508	0.6
-123.96	62.1	2.0222	60.227	0.6
-123.96	63.6	2.1465	60.72	0.6
-123.66	63.6	2.132	61.099	0.6
-123.06	47.4	2.0238	21.227	0.6
-123.06	47.7	2.0428	380.04	0.6
-122.76	65.7	2.1855	52.446	0.6
-122.46	65.7	2.1645	57.945	0.6
-121.86	56.7	2.2358	51.613	0.6
-121.56	56.7	2.257	52.768	0.6
-120.66	56.1	2.2054	47.105	0.6
-120.36	56.1	2.2215	47.975	0.6
-120.06	56.1	2.1998	47.511	0.6
-119.76	56.1	2.1932	48.745	0.6
-119.46	49.2	2.0561	26.72	0.6
-119.16	49.2	2.1019	23.112	0.6
-117.36	54.3	2.2347	35.017	0.6
-116.76	54.3	2.2111	35.272	0.6
-116.76	56.1	2.2462	44.787	0.6
-116.46	54.3	2.1845	37.248	0.6
-116.46	56.1	2.2822	38.464	0.6
-115.26	48	2.0879	28.032	0.6
-115.26	52.2	2.0791	43.041	0.6
-115.26	52.5	2.0948	44.313	0.6
-114.96	52.2	2.1151	43.913	0.6
-114.36	48.6	2.1621	28.157	0.6
-114.06	47.4	2.1385	25.948	0.6
-114.06	52.2	2.0054	47.217	0.6
-113.16	47.4	2.1471	27.832	0.6
-112.26	48.6	2.1548	29.597	0.6
