%%% Lat 28 to 34 Lon -13.391 to -3.391 Depth 0 to 60 km

1 -5.97 31.92 200    50   -35 314 64 -134  999 10 %%El Moudnib et al., 2023 Event 1 2009 07 06
2 -5.75 32.16 235 65 75 87    29   119   999 11 %%El Moudnib et al., 2023 Event 2 2010 08 05 
3 -6.07 32.36 245 60 60   114    41   131 999 11 %%El Moudnib et al., 2023 Event 3 2010 08 05 doublet?  Martin et al. (2015) 53 36 82 243 54 96
4 -4.91 32.56 225 50 50  98    54   127 999 12 %%El Moudnib et al., 2023 Event 4 2011 05 01
5 -5.78 31.95 126 85 -170 35    80    -5 999 12 %%El Moudnib et al., 2023 Event 5 2011 02 14 Martin et al. (2015) 38 84 -4 129 85 -174
6 -7.29 31.33 235    55   -25 340 70 -142  999 16 %%El Moudnib et al., 2023 Event 6 2011-12-26
7 -7.32 31.34 225 55 0  135    90   145 999 13 %%El Moudnib et al., 2023 Event 7 2011-12-26 duplicate or doublet?
8 -5.53 32.34 215    38    90 35  52 90   999 8.4 %%El Moudnib et al., 2023 Event 8 2013 04 27
9 -6.26 32.24 237 60 84 69    31   100 999 9.1 %%El Moudnib et al., 2023 Event 9 2013 05 27
10 -5.39 32.39 212    27    90 32 63 90  999 7.6 %%El Moudnib et al., 2023 Event 10 2013 05 31
11 -5.38 32.43 250    65    90 70 25 90  999 5.9 %%El Moudnib et al., 2023 Event 11 2013 05 31 
12 -5.34 32.41 208    32    90 28 58 90   999 13.7 %%El Moudnib et al., 2023 Event 12 2013 06 25
13 -6.20 32.45  210    40    90  30 50 90  999 5.2 %%El Moudnib et al., 2023 Event 13 2014 03 12
14 -6.18 32.24 225    40    90 45 50 90   999 5.5 %%El Moudnib et al., 2023 Event 14 2014 05 12 
15 -5.60 32.38 210 35 90 30 55 90  999 6.4 %%El Moudnib et al., 2023 Event 15 2014 05 

%%% Medina 
16 -6.06 31.49 285 68 165 21 76 23 999 33 %% 1967 08 28 21 15 36 %%% hybrid solution averaging Medina & Cherakaoui and Moreira 1986
17 -9.62 31.35 231 80 -11  323 80 -170 999 25 %% 1988 12 16 22 34 41 
18 -9.73 30.41 250 53 29 141 67 139 999 0.2 %% 1992 04 05 21 16 38


19 -5.78 32.00 212 42 16 110 79 131    7.160 23 %%012886C        
20 -8.391 31.064 255 69 69 122 29 132 2.790 26 % 2023 09 08 22 11 02 from USGS


21 -9.6 30.5 314 80 180 44 90 10  999 0 %% Agadir event from	Hatzfeld D., Frogneux M. & Girardin N. 1977. Etude de la sismicité dans la région de l’arc de Gibraltar etl’Algérie du Nord. Bull. Soc. Géol. Fr., (7), XIX, n°4, 741-747.

22 -5.19 32.89 190 48 44 68 59 139  999 7 %%% 1979 06 16 13 51 43

23 -5.25 33.170 203.5 67.5 11 109    80   157  999 10 %% PondrelliRCMT	C200708112046A
24 -5.16 33.18 228 75 -48 334 44 -157 999 7 %%% 1979 01 21 08 06 06 Medina (2008)
25 -5.28 33.4 194 61 -50 314 48 -139  999 12 %%% 1979 01 17 17 43 33 Medina (2008)

%%% gCMT
26 -4.32 31.29  187 69 12 92 78 158  2.360 5.4 %% 1992 10 23  relocated from Medina
27 -4.38 31.24 181 87 18 90 72 176   2.930 8 %% 1992 10 30 0 43 55 relocated from Medina
28 -4.08 32.60 182 71 7 90 83 161   5.535 23 %201911170839A  